6.11593 12.2319 18.3478 24.4637 30.5797 36.6956 42.8115 48.9275 55.0434 61.1593 67.2753 73.3912 79.5071 85.6231 91.739 97.8549 103.971 110.087 116.203 122.319 128.435 134.551 140.666 146.782 152.898 159.014 165.13 171.246 177.362 183.478 189.594 195.71 201.826 207.942 214.058 220.174 226.289 232.405 238.521 244.637 250.753 256.869 262.985 269.101 275.217 281.333 287.449 293.565 299.681 305.797 311.913 318.028 324.144 330.26 336.376 342.492 348.608 354.724 360.84 366.956 373.072 379.188 385.304 391.42 397.536 403.652 409.767 415.883 421.999 428.115 434.231 440.347 446.463 452.579 458.695 
12.3737 10.8997 15.4392 21.969 29.4388 36.1995 40.9635 47.5755 54.2104 61.4064 67.1633 73.1068 79.6361 84.6752 91.1782 95.9572 101.754 107.839 114.523 121.353 128.256 139.275 147.609 154.286 161.01 167.14 172.885 179.263 184.445 191.206 198.561 204.552 211.654 217.404 222.349 228.253 230.786 235.557 245.552 255.085 260.14 266.827 272.057 276.258 282.642 288.081 290.626 295.752 300.155 305.866 310.969 317.54 323.632 329.379 335.208 339.523 345.535 352.095 358.479 364.352 370.278 377.389 383.789 389.772 395.238 401.62 408.462 414.57 419.695 426.54 433.052 438.837 445.753 451.431 457.803 
17.8104 15.6209 14.32 19.9159 26.9145 35.0832 41.2957 45.3628 51.9193 59.7131 66.9933 73.0042 78.8208 84.8041 90.863 94.8445 98.7193 105.117 111.416 120.056 127.181 139.845 152.871 161.742 169.427 175.881 181.742 187.425 193.066 198.586 206.108 213.573 220.414 227.377 231.99 236.746 239.546 241.134 249.658 262.598 270.812 276.142 282.174 285.781 290.13 295.701 297.915 299.061 302.231 306.279 310.781 315.585 322.223 327.842 333.73 338.618 343.12 349.933 356.211 362.616 368.243 374.336 382.196 388.182 393.753 399.729 406.892 413.599 418.488 424.512 431.912 437.554 443.766 451.214 456.337 
23.2892 20.5032 18.3416 19.5859 24.9736 32.9797 40.5973 46.0956 49.7686 57.3379 65.3989 72.9461 78.9099 83.8904 91.569 94.889 98.1119 102.679 108.999 117.369 125.701 139.107 153.534 167.024 176.975 184.107 190.394 196.16 201.529 207.605 213.859 221.564 229.876 236.63 242.506 246.648 248.381 250.417 255.198 266.412 278.064 286.667 291.343 295.852 299.846 303.233 305.696 306.586 305.911 308.483 311.387 315.944 321.056 326.94 332.852 337.886 342.564 347.963 354.759 360.918 367.351 372.584 379.782 387.255 392.54 398.809 405.289 412.757 418.078 423.506 430.365 436.797 442.831 449.69 456.171 
29.3516 25.8883 23.1971 24.0986 25.0122 31.9795 38.5683 45.8283 51.1364 55.6758 63.2913 71.6934 79.5141 84.6808 91.3601 96.5243 98.7136 102.951 106.879 115.329 123.119 137.383 152.44 167.183 181.733 191.021 198.141 204.157 209.63 215.305 222.063 228.598 237.041 245.169 250.83 256.239 257.623 258.745 263.591 270.771 280.919 293.104 301.071 304.309 309.304 312.144 312.755 313.931 312.078 311.675 313.341 316.483 321.181 325.836 331.573 337.279 341.866 347.683 352.615 359.637 365.719 371.859 378.181 385.077 392.34 398.017 404.907 411.741 417.618 423.602 430.042 435.779 442.659 449.285 455.117 
34.3945 30.3374 27.0439 28.1471 28.4979 30.9629 36.6453 42.7479 50.1325 56.3086 60.5796 68.5317 76.9169 84.275 90.9853 95.2027 99.7127 103.182 106.378 112.102 120.304 135.138 151.266 166.764 182.583 196.673 205.961 212.816 218.281 223.943 230.457 237.437 244.75 252.964 259.834 265.112 267.463 267.823 272.21 279.783 285.801 296.428 308.014 314.386 318.128 321.924 321.863 320.98 318.124 317.049 315.838 317.776 321.056 325.237 329.686 335.29 340.332 346.067 351.554 356.235 363.48 369.366 376.419 382.565 388.728 396.515 402.856 410.063 415.32 422.052 429.106 434.407 440.473 447.908 453.88 
39.1098 34.7514 31.1726 32.3693 32.7876 34.4439 36.4612 41.2584 46.8117 55.6297 61.8105 65.8958 74.0442 81.7755 90.9699 95.0461 98.7836 103.933 106.79 111.96 117.563 132.43 149.209 165.865 182.553 198.007 211.968 220.998 227.582 233.453 239.98 246.734 254.458 261.59 268.611 275.101 277.517 278.906 282.555 289.578 295.768 301.823 311.886 321.944 328.655 331.252 331.99 329.856 324.903 323.084 320.959 321.1 323.192 325.742 329.717 333.229 338.901 344.772 350.512 355.762 360.501 367.683 374.533 381.121 386.176 393.27 401.638 408.423 414.417 420.047 427.578 433.516 439.427 446.421 452.704 
44.7069 39.5728 34.7205 35.8535 37.1965 38.635 39.0977 40.8609 45.9947 52.3188 61.0015 67.3794 71.4038 78.9418 87.9603 95.1042 99.002 103.544 108.136 111.658 116.999 129.73 146.26 163.499 181.05 197.423 212.771 226.646 235.363 242.522 249.376 255.922 263.493 270.804 276.611 283.034 286.187 287.546 291.85 298.488 304.248 310.94 316.369 324.784 335.468 341.081 340.75 337.909 330.94 328.273 324.959 325.553 325.616 327.503 330.26 334.028 336.294 343.178 349.02 354.549 359.838 364.296 372.46 379.335 384.881 390.821 397.907 406.915 412.368 419.025 425.526 432.104 438.626 444.827 451.701 
50.9186 44.6367 38.4096 39.3015 40.5455 42.7551 43.0497 43.4363 45.9855 51.9345 57.7882 66.8206 73.6122 76.6876 84.1286 92.0349 98.3392 102.819 107.437 112.872 117.265 128.431 143.225 160.243 178.096 195.722 211.801 227.13 239.912 249.088 257.295 263.898 271.244 278.404 284.51 290.115 293.278 295.236 300.302 307.908 313.488 319.815 325.69 329.4 338.049 347.923 349.691 345.349 336.472 333.192 328.449 328.415 329.032 328.71 330.674 333.218 336.604 339.861 346.154 352.805 358.14 363.531 368.557 376.313 383.288 389.547 395.513 402.524 410.141 417.107 424.42 430.097 436.997 443.453 449.891 
56.4287 48.8483 41.161 42.415 43.7512 45.8877 46.7516 46.7927 47.5677 51.1972 57.0704 62.8762 72.3335 78.2357 82.1998 87.7428 95.4613 102.408 106.53 111.968 118.134 128.804 142.122 157.368 175.199 192.782 210.03 226.17 240.593 253.882 264.115 272.257 279.67 286.605 292.526 298.447 300.679 302.681 308.575 316.916 323.509 329.677 335.222 339.438 343.486 351.311 357.931 354.151 343.264 339.337 333.502 333.237 333.363 333.347 333.004 334.132 335.772 340.386 343.54 350 355.844 361.644 367.629 372.767 379.947 387.138 394.13 400.105 405.866 414.118 421.597 428.341 434.947 441.777 448.62 
62.318 54.2909 45.923 46.5903 48.5607 50.6637 52.0824 52.5651 51.9907 53.9626 57.802 63.9273 69.4107 78.4851 86.2275 87.5111 92.0039 100.49 107.199 113.051 117.815 129.903 142.226 156.077 172.66 189.91 207.419 224.398 240.421 255.094 268.918 279.528 288.389 295.636 301.452 306.916 309.825 311.515 316.713 325.07 331.765 338.443 344.199 348.219 352.719 355.753 360.896 362.221 349.357 345.181 338.676 338.887 338.439 338.499 337.933 337.676 338.6 341.024 345.455 348.505 354.858 360.747 367.791 373.446 377.85 385.602 393.212 400.369 405.446 411.576 420.75 427.127 434.263 441.422 447.641 
67.6122 58.9074 49.8408 51.1429 51.2816 54.372 55.5448 56.2645 55.9038 57.2148 59.3318 63.3879 69.5612 74.5042 84.9093 90.3269 90.8463 96.1959 104.34 112.592 118.853 130.001 143.981 156.753 171.576 187.69 204.635 221.985 238.257 254.586 270.032 283.943 295.263 303.787 309.932 315.467 318.022 320.2 325.38 333.353 340.529 347.594 353.651 357.914 362.259 365.822 365.883 369.512 355.751 351.041 343.506 342.928 342.69 342.392 341.694 341.434 340.755 343.296 345.356 349.992 352.253 358.672 365.404 372.338 377.608 382.511 390.754 398.49 404.276 410.294 416.992 425.212 432.166 439.989 446.833 
71.6694 62.4665 53.3987 55.1598 54.7255 56.2149 58.665 58.8297 58.9406 59.916 61.3574 63.5926 67.5698 73.1863 79.9906 88.0148 93.5878 95.1156 99.6022 109.282 118.117 131.966 145.118 159.638 173.345 187.706 203.61 220.427 237.212 253.85 271.064 286.578 301.285 312.364 319.698 325.413 327.824 329.246 334.853 342.862 349.785 357.474 363.906 368.4 373.126 376.374 376.873 375.441 363.118 357.63 348.809 347.642 347.762 346.71 345.935 345.389 344.136 345.31 347.805 349.525 353.762 355.311 362.673 369.45 375.26 381.275 386.716 395.531 401.639 408.152 414.711 420.727 429.471 437.15 444.265 
75.9153 66.4659 57.4697 58.9362 58.6011 59.9487 61.0469 62.2331 61.929 63.2527 64.2171 65.6255 68.3122 71.5739 79.1071 83.1954 91.0881 97.771 98.3383 105.011 114.978 130.952 146.899 160.523 176.164 189.397 203.648 219.438 235.574 252.526 270.029 287.548 303.918 318.52 328.527 335.665 338.334 339.516 344.595 352.965 359.959 367.14 374.131 379.053 383.956 387.469 387.63 385.476 371.132 364.862 354.798 352.968 353.636 351.7 350.922 349.524 348.33 348.979 350.331 352.22 353.696 357.695 359.74 366.967 373.124 379.334 386.273 391.914 399.308 406.003 413.002 418.736 425.003 434.961 441.333 
80.3107 70.1707 60.4328 61.8928 62.5859 63.496 64.3244 64.5518 65.4417 66.584 67.7638 68.483 70.185 71.9551 77.0236 82.1068 86.5746 95.2063 101.082 102.981 110.08 127.351 145.41 161.901 176.535 191.866 204.905 219.168 234.481 251.103 269.072 286.724 305.145 321.288 334.647 344.313 348.019 349.314 354.08 362.24 369.463 376.85 383.345 388.66 394.058 397.873 398.181 395.036 378.729 371.624 360.341 358.537 358.861 356.866 356.008 353.33 351.923 352.413 353.443 354.097 355.892 357.172 361.982 364.049 369.656 376.625 383.543 391.024 395.381 402.969 410.234 416.48 422.994 429.789 439.067 
86.3555 75.8056 66.007 67.2341 67.2037 68.9286 69.0356 69.1689 69.7011 71.2943 72.3158 73.8667 74.6679 75.6934 78.4809 82.4689 86.8393 92.529 100.524 106.999 109.415 123.796 142.645 161.163 178.287 192.488 207.617 220.424 234.114 249.693 267.032 284.939 303.283 321.313 336.323 349.112 355.671 358.591 362.586 370.097 377.146 385.086 391.987 396.933 402.881 407.136 408.055 403.27 384.714 376.832 364.399 362.514 362.385 360.426 359.73 358.447 356.295 357.538 357.603 358.914 359.279 360.141 362.68 367.511 368.661 375.423 381.877 389.457 395.255 401.18 409.305 415.516 421.949 428.948 435.477 
96.7268 85.9461 75.9755 77.2178 76.5498 77.6828 78.4802 77.8107 78.681 79.2727 80.8345 82.5999 84.0719 84.5233 85.5019 88.1713 91.5595 97.1464 102.301 110.39 117.659 126.182 141.626 160.778 179.269 195.788 209.641 224.195 236.015 249.713 265.951 282.796 301.061 318.96 335.839 350.182 360.813 367.331 371.802 378.287 385.258 393.856 401.537 406.922 412.667 417.702 419.577 413.165 392.876 384.261 371.24 368.924 368.895 367.066 366.905 367.987 364.864 366.267 366.726 367.514 368.605 367.967 369.654 372.319 376.747 378.822 385.018 391.869 397.771 405.456 411.717 419.189 425.319 431.89 439.083 
102.846 91.5044 80.9866 81.9155 82.0067 82.9262 83.1333 82.9528 82.9846 84.8101 85.1006 87.3045 89.0573 89.99 91.329 90.6816 92.1425 96.5211 101.646 108.002 116.274 130.056 140.285 156.158 176.29 194.415 210.758 224.371 238.166 250.145 264.432 280.708 298.197 316.006 332.876 349.385 360.759 370.756 380.469 387.605 392.794 400.156 408.16 414.411 420.163 424.894 427.033 420.638 398.107 389.107 374.956 372.535 371.812 370.201 369.818 371.024 368.415 369.86 370.623 371.648 371.894 372.011 373.127 374.606 377.259 382.455 384.153 390.559 396.253 403.382 411.94 416.898 424.464 431.178 437.633 
107.738 95.7551 85.0627 86.595 85.73 87.4107 87.2651 86.8497 87.0135 87.5052 89.1501 89.7906 91.9151 92.9844 95.613 94.4322 94.5549 97.0589 100.36 107.145 113.9 129.543 145.141 155.684 172.357 191.842 209.741 226.099 239.063 253.252 265.976 280.371 297.602 314.825 331.564 347.969 361.463 371.851 384.766 397.177 403.472 409.457 416.008 422.487 429.445 434.126 435.882 430.322 405.578 396.084 380.316 377.398 377.118 374.799 374.673 374.245 372.114 373.592 374.943 375.327 376.072 375.457 376.358 377.726 378.398 381.605 387.105 389.491 394.133 400.691 408.485 416.142 421.593 429.896 435.793 
113.385 100.539 88.6686 90.0407 90.5744 91.3011 92.0176 91.1729 91.4488 92.2223 92.595 94.6015 95.2029 96.6379 98.7612 98.4552 98.1033 98.9737 101.081 105.468 112.813 126.377 143.851 159.907 171.313 187.488 206.731 224.785 240.439 253.921 268.928 281.653 296.966 313.852 329.957 346.227 359.322 371.934 385.525 401.41 412.745 419.621 424.758 429.721 436.702 442.824 444.381 439.173 412.443 402.397 385.135 382.01 381.797 379.066 379.206 378.38 375.549 376.878 378.359 379.619 379.511 379.061 379.965 381.077 381.773 383.13 386.414 392.323 393.31 398.872 406.039 412.948 421.181 426.924 435.033 
119.067 105.545 92.6388 93.7555 94.9278 96.5274 96.5409 95.78 95.8233 96.9611 97.7206 98.2744 100.272 100.291 102.993 102.615 101.818 102.702 103.182 106.962 111.715 125.143 140.52 158.403 175.327 186.207 202.119 221.362 238.681 254.668 268.95 284.15 297.829 313.005 328.817 344.63 357.844 370.117 386.057 402.52 417.303 429.102 435.232 438.633 444.058 450.143 453.177 448.138 419.435 408.916 390.257 386.835 386.967 383.662 384.087 382.692 379.57 380.627 382.001 383.137 384.119 383.58 384.189 384.995 385.437 386.724 388.656 392.024 396.537 398.554 404.553 410.988 418.232 427.103 432.154 
128.045 113.337 100.869 101.862 100.699 102.327 103.56 103.315 104.115 103.316 104.195 104.966 106.227 107.825 106.64 110.203 110.361 110.659 110.94 111.729 116.866 127.792 143.941 159.483 177.581 194.562 204.944 221.221 238.313 255.863 272.713 286.343 302.448 315.797 330.043 346.132 359.235 370.518 387.222 406.505 423.08 439.043 449.55 454.453 458.038 462.711 465.458 462.744 432.387 421.525 401.215 395.923 396.941 392.974 392.976 391.509 388.135 388.377 389.17 390.835 391.535 391.541 390.63 391.391 393.413 393.056 394.767 396.141 399.321 404.047 405.721 412.479 418.827 425.681 435.403 
138.736 122.453 109.423 109.77 108.895 110.105 109.861 111.813 112.943 112.577 112.438 113.266 114.769 115.193 114.721 115.283 118.978 119.494 119.859 120.321 122.033 130.944 143.729 159.797 174.771 192.647 209.12 219.942 234.032 251.572 270.419 286.494 301.298 317.063 329.414 343.556 356.727 368.279 382.949 403.215 423.022 441.443 456.107 465.043 470.53 473.601 475.244 474.682 443.045 432.021 410.506 404.455 405.338 401.841 402.141 400.335 396.226 396.824 396.812 397.845 399.545 400.341 398.881 398.942 400.361 401.536 402.212 403.654 403.943 408.243 412.837 414.947 421.913 427.52 434.983 
150.897 133.511 120.735 121.278 119.5 119.226 120.203 120.803 123.627 123.688 123.218 123.047 124.549 125.837 124.09 125.781 127.231 130.867 131.096 131.276 133.106 139.961 151.696 164.545 180.708 196.155 213.473 230.468 238.822 253.175 271.53 289.458 306.39 320.694 335.42 348.299 359.562 370.304 386.877 405.267 425.682 446.571 463.609 477.293 486.172 491.098 490.929 491.675 458.638 447.437 424.433 416.784 417.543 414.354 414.206 412.08 408.046 407.859 408.156 408.538 409.253 410.73 409.151 409.202 410.43 411.054 412.517 412.537 414.346 414.582 418.444 423.731 425.904 432.232 439.078 
164.366 146.455 134.295 135.194 131.713 131.161 131.788 133.013 134.244 136.328 135.347 135.395 135.695 137.322 135.334 136.986 139.851 141.329 144.214 144.409 145.831 153.877 163.596 175.344 188.626 205.192 220.073 237.64 252.187 260.558 275.536 293.028 311.587 327.975 341.322 356.655 367.102 376.078 391.752 411.785 430.232 451.716 471.338 487.57 501.241 509.364 510.933 510.324 476.535 464.977 440.412 431.019 431.823 428.797 428.47 425.998 421.979 421.831 421.437 422.108 422.159 422.336 421.424 421.507 422.663 423.247 423.72 424.705 425.31 426.742 426.861 431.131 436.159 438.123 445.672 
177.097 158.67 147.6 148.523 143.281 142.595 143.079 144.027 145.844 146.177 146.762 146.872 147.166 147.417 146.082 147.825 150.693 153.923 154.274 156.976 158.06 166.697 177.49 187.253 199.418 212.805 228.878 244.037 259.507 274.018 282.86 297.102 315.326 333.417 348.859 362.499 375.046 383.186 396.621 415.602 435.805 455.74 476.077 494.865 511.452 524.205 529.251 529.557 494.18 482.242 456.064 445.137 445.917 442.953 442.378 439.696 435.544 435.436 434.804 434.988 435.475 434.646 433.42 433.631 434.254 434.841 435.176 435.496 436.828 437.034 438.38 438.89 442.846 447.482 450.59 
189.104 169.971 159.738 160.397 153.718 152.972 153.38 154.249 155.781 157.116 156.875 157.43 157.958 157.817 155.649 157.388 160.196 163.305 165.528 165.495 169.094 176.932 188.212 199.078 209.195 221.691 234.481 250.893 264.044 279.63 294.657 302.686 317.675 335.344 352.611 368.297 379.072 389.356 401.803 418.648 437.709 459.387 478.228 497.699 516.879 532.654 542.331 546.834 510.276 497.991 470.283 457.923 458.583 455.658 454.897 451.892 447.615 447.627 446.819 447.155 447.115 446.091 444.424 444.448 445.188 445.455 445.63 445.849 446.448 447.598 447.658 449.243 449.375 452.967 458.689 
200.147 180.174 170.703 171.047 163.17 162.858 162.444 163.55 164.969 166.203 166.604 166.915 167.73 167.578 164.821 165.975 168.065 171.434 173.354 175.294 175.503 185.736 195.9 207.286 218.652 228.977 241.109 253.989 268.674 281.727 297.546 311.862 320.469 334.821 351.711 368.972 381.809 390.711 404.789 420.253 437.05 457.788 478.594 496.617 516.555 534.865 547.984 556.875 523.384 511.012 482.016 468.665 468.863 466.174 464.969 462.35 457.782 458.091 456.8 457.472 457.636 455.877 454.243 454.116 454.755 455.288 454.957 455.112 455.337 456.13 457.655 457.434 458.444 458.002 462.651 
215.946 194.593 184.223 182.708 177.206 178.122 175.647 177.181 178.695 180.889 181.508 182.014 182.569 182.368 179.709 178.951 178.994 181.245 184.756 186.976 187.5 185.503 196.165 206.124 217.757 229.965 240.664 252.511 264.573 278.948 292.566 308.301 323.285 331.417 345.35 361.877 377.248 390.182 399.869 415.93 430.556 449.109 469.447 488.704 507.187 526.98 544.503 557.931 533.733 522.243 493.64 481.849 481.241 479.056 477.434 474.561 469.623 469.724 468.391 468.881 470.369 469.83 468.413 467.577 467.974 468.476 468.927 468.622 468.457 469.348 471.076 471.678 471.404 471.151 471.551 
233.508 210.824 199.628 196.633 192.993 194.5 190.717 192.233 194.132 196.406 198.093 198.753 199.555 199.11 196.724 195.027 193.94 194.221 196.53 200.547 201.219 196.824 196.592 206.518 216.37 228.777 241.491 251.438 262.871 274.442 289.216 302.931 319.108 333.714 341.434 354.989 370.937 386.887 399.509 410.323 425.797 442.365 460.768 479.714 499.545 517.8 537.667 555.729 545.426 534.915 506.873 496.688 495.601 493.751 491.791 488.724 483.336 483.503 481.805 482.304 483.723 485.745 484.554 482.948 483.369 483.6 484.487 484.334 483.748 484.381 486.239 487.262 487.395 486.498 486.718 
251.903 227.926 215.691 211.3 209.58 211.124 206.516 208.055 210.002 212.693 214.453 216.241 217.124 216.646 214.626 211.997 209.867 210.15 210.557 213.207 215.883 209.392 208.07 207.124 216.181 226.547 239.356 251.234 261.556 272.942 285.182 300.027 314.266 329.827 343.997 350.739 363.808 380.999 394.563 408.08 418.231 436.452 453.093 469.466 489.771 509.44 528.228 548.441 556.918 547.376 520.103 511.98 510.334 509.006 506.946 503.804 497.697 498.075 496.185 496.526 497.949 500.382 501.576 499.35 499.451 499.971 500.321 500.997 499.825 500.589 502.175 503.324 504.258 502.905 503.127 
269.571 244.27 230.991 225.183 225.478 226.915 221.606 223.23 225.144 227.887 230.121 231.935 233.937 233.553 231.942 228.348 225.175 225.401 225.899 226.754 228.038 221.706 219.42 217.337 216.572 226.14 236.839 248.93 261.154 271.527 283.36 295.681 311.113 324.668 339.725 352.957 359.11 373.39 388.779 403.444 415.914 428.408 446.546 461.303 478.861 498.967 519.08 538.386 559.243 559.287 532.711 526.627 524.438 523.677 521.555 518.222 511.423 511.75 509.825 510.174 511.447 513.907 516.732 515.044 515.195 515.369 515.979 516.228 515.27 515.936 517.677 518.505 519.63 518.689 518.962 
287.486 260.694 246.331 239.029 241.076 242.645 236.536 238.35 240.479 243.005 245.314 247.612 249.663 250.563 248.928 244.675 240.529 240.66 241.239 242.032 241.737 234.061 231.341 228.183 226.513 227.515 237.308 247.652 258.953 271.076 281.856 293.275 306.219 320.829 333.975 348.523 361.212 368.131 381.735 398.769 412.926 427.48 439.497 456.22 471.576 489.195 509.348 530.084 549.992 571.97 545.859 541.282 538.653 538.449 536.303 532.798 525.289 525.518 523.42 523.909 525.108 527.505 530.079 530.527 531.116 531.093 531.419 531.648 530.687 531.388 532.907 534.07 534.763 534.279 534.867 
305.555 277.24 261.808 252.892 255.124 258.376 251.611 253.478 255.732 258.465 260.66 262.973 265.475 266.857 266.136 261.126 255.937 256.014 256.606 257.512 256.743 246.075 242.89 238.676 236.271 237.392 238.768 248.274 257.919 269.096 281.414 291.845 303.908 316.124 330.391 343.024 357.111 370.505 376.871 391.819 408.163 424.042 438.124 449.038 466.118 481.612 499.571 520.553 541.908 563.041 559.327 556.128 553.022 553.388 551.222 547.514 539.332 539.488 537.1 537.602 538.945 541.335 543.807 545.633 546.787 547.091 547.336 547.199 546.29 546.96 548.487 549.432 550.447 550.004 550.557 
324.405 294.482 277.918 267.305 269.655 272.896 267.179 269.179 271.504 274.328 276.763 278.944 281.458 283.313 283.809 278.188 271.948 271.914 272.637 273.346 272.341 258.438 254.791 249.556 246.367 247.644 249.153 250.66 259.118 268.663 279.985 291.773 302.929 314.056 326.258 340.072 352.127 366.836 379.74 387.438 401.866 419.71 434.89 448.267 459.376 476.819 492.742 511.679 533.348 555.921 573.693 571.632 568.031 568.636 566.855 562.954 554.02 554.196 551.506 551.992 553.188 555.82 558.126 559.915 562.637 563.414 563.918 563.481 562.528 563.228 564.616 565.627 566.378 566.261 566.99 
343.408 311.846 294.061 281.631 284.273 287.502 282.805 284.841 287.289 290.263 292.827 295.15 297.554 299.422 301.109 295.361 288.049 287.9 288.679 289.331 287.974 270.497 266.241 260.064 256.071 257.534 259.246 261.13 261.754 270.317 280.145 290.974 303.538 313.611 324.714 336.39 349.258 361.867 375.927 390.26 397.256 412.852 429.978 444.524 458.083 469.682 487.784 504.861 524.535 547.434 570.448 587.326 583.127 583.798 582.629 578.485 568.769 568.925 566.051 566.46 567.549 570.167 572.669 574.349 576.994 579.332 580.31 579.848 578.897 579.603 580.924 581.819 582.71 582.652 583.419 
362.764 329.583 310.582 296.299 299.025 302.575 298.827 300.824 303.251 306.348 309.171 311.611 314.132 315.905 317.72 312.856 304.358 304.107 304.973 305.771 303.901 282.422 277.289 270.2 265.448 266.844 268.958 271.042 272.294 272.956 281.665 291.161 302.779 314.417 324.561 335.044 345.977 359.561 371.153 386.139 399.708 407.66 422.632 439.314 453.979 468.075 480.736 500.068 517.952 538.925 562.325 586.457 598.523 599.184 598.726 594.381 583.896 584.052 580.98 581.36 582.377 584.907 587.398 589.248 591.83 594.053 596.71 596.678 595.651 596.413 597.713 598.541 599.304 599.505 600.119 
382.097 347.333 327.131 311.008 313.75 317.41 314.911 316.871 319.194 322.342 325.333 327.977 330.645 332.5 334.361 330.378 320.619 320.237 321.189 322.154 319.855 294.173 287.907 279.867 274.392 275.62 277.81 280.359 282.165 283.562 284.403 292.971 303.313 314.045 325.787 335.177 344.963 356.743 368.919 381.07 395.082 409.259 416.547 431.208 448.08 463.268 478.724 492.797 512.978 532.195 553.762 578.386 601.89 614.593 614.839 610.231 599.001 599.188 595.965 596.272 597.265 599.748 602.19 604.036 606.714 608.909 611.489 613.645 612.463 613.231 614.599 615.332 616.102 616.33 616.988 
401.719 365.33 343.676 325.703 328.725 332.255 331.1 333.06 335.43 338.539 341.533 344.367 347.301 349.235 350.995 348.029 336.984 336.325 337.518 338.408 336.159 305.705 298.108 289.235 282.619 284.106 286.02 288.98 291.155 293.461 295.507 296.067 305.571 314.838 325.703 336.708 345.068 355.768 365.964 379.134 390.318 404.706 417.974 424.608 439.378 457.136 473.517 490.456 505.586 527.041 546.965 569.885 593.819 618.05 630.84 626.136 614.153 614.356 611.108 611.38 612.166 614.739 617.07 618.966 621.634 623.988 626.466 628.609 629.42 630.256 631.552 632.404 633.176 633.36 634.127 
420.807 383.005 359.942 340.093 343.513 347.276 347.509 349.14 351.221 354.57 357.649 360.416 363.576 365.769 368.152 365.458 352.797 351.864 353.191 354.731 351.942 315.785 306.285 296.793 290.447 291.362 294.333 296.736 300.399 302.847 305.666 308.288 309.709 318.667 327.854 337.957 347.693 357.032 366.74 377.323 388.413 398.061 411.852 424.627 430.849 446.276 466.067 484.273 502.527 518.913 541.419 563.106 585.276 609.826 634.017 641.576 629.164 629.09 625.986 626.067 626.986 629.406 632.07 633.751 636.249 638.671 641.536 643.599 645.529 647.021 648.558 649.112 650.1 650.495 650.764 
436.62 397.469 372.85 351.151 354.832 358.862 360.622 362.293 364.189 367.3 370.471 373.334 376.496 378.925 381.373 379.593 365.31 364.042 365.469 367.175 364.707 323.531 313.286 303.872 298.29 299.552 301.747 305.019 307.644 311.684 315.231 318.514 322.061 323.015 331.226 339.909 347.601 357.457 367.532 379.019 387.344 396.772 405.621 417.772 429.635 435.95 451.764 473.429 492.979 512.386 529.867 554.429 575.349 598.078 622.494 645.957 640.987 640.512 637.383 637.403 638.312 640.933 643.437 645.403 647.607 649.958 652.967 655.367 657.23 659.846 662.091 662.855 663.631 664.194 664.648 
450.301 410.129 384.125 361.286 364.175 368.538 370.807 373.307 375.193 377.979 381.335 384.311 387.296 390.065 392.948 391.898 376.015 374.778 375.995 377.841 376.019 333.525 323.077 314.035 309.26 309.634 311.802 313.663 317.382 320.392 325.239 329.059 332.949 336.197 335.879 343.275 349.689 357.537 368.411 380.206 389.224 395.983 405.335 413.01 424.437 435.71 442.058 457.991 480.039 500.589 521.206 540.391 564.156 585.759 608.52 633.069 651.244 650.713 647.138 647.438 648.157 650.234 653.243 655.081 657.318 659.61 662.603 665.287 667.12 669.905 673.19 674.587 675.685 676.276 676.746 
463.481 422.383 394.693 371.097 373.711 377.365 380.05 382.795 385.524 388.29 391.337 394.73 397.676 400.238 403.559 403.56 386.188 385.131 386.199 387.909 387.094 344.268 333.363 324.51 320.334 320.158 321.099 322.914 325.374 329.695 333.526 338.608 343.054 346.623 348.362 347.37 352.559 359.687 368.067 380.781 390.2 398.482 405.144 412.876 420.465 431.471 442.174 447.687 463.79 486.621 508.336 530.772 549.217 573.78 595.742 618.803 642.722 660.793 656.758 657.079 657.839 659.438 662.112 664.644 666.509 669.077 671.77 674.637 676.494 679.359 682.847 685.24 686.982 688.013 688.513 
476.118 434.188 404.595 380.521 383 386.312 388.57 391.282 394.304 397.911 400.904 404.119 407.676 409.984 412.892 414.32 395.332 394.298 395.638 397.457 397.932 354.631 343.581 335.208 331.614 331.29 331.698 332.456 334.556 337.758 343.165 347.215 353.065 357.404 359.917 359.895 357.48 363.108 371.312 381.874 392.7 401.498 409.364 414.229 421.805 429.144 438.449 448.103 453.8 470.185 493.875 517.144 539.08 557.994 583.17 605.204 628.023 652.302 666.064 666.393 667.025 668.517 670.656 672.82 675.51 677.873 680.899 683.446 685.249 688.327 691.741 694.431 697.129 698.946 699.494 
488.815 446.148 414.517 390.199 392.122 395.346 397.45 399.575 402.695 406.573 410.127 413.65 417.003 419.937 422.103 423.346 404.057 402.991 404.39 406.758 408.562 365.37 354.393 346.374 343.273 342.819 342.981 343.237 343.306 345.874 350.139 355.68 360.563 366.295 369.898 371.961 367.532 368.126 375.127 385.582 394.605 405.082 413.173 419.294 423.956 431.476 436.622 444.437 454.259 460.21 477.009 501.784 524.685 547.064 566.877 592.295 614.208 637.744 661.6 675.845 676.28 677.578 679.395 681.019 683.768 686.993 689.643 692.396 693.806 697.161 700.798 703.284 706.011 709.008 710.331 
500.485 457.153 423.576 399.562 400.698 403.298 405.717 407.199 409.775 413.861 417.777 421.8 425.617 428.3 430.768 431.571 412.029 410.943 412.244 414.5 417.447 377.052 366.793 359.14 356.304 355.884 355.497 355.381 354.436 355.03 358.771 362.753 368.879 373.5 378.311 381.793 377.573 378.028 380.914 390.685 399.781 408.658 418.473 424.903 430.779 435.371 440.088 443.454 450.816 460.311 466.424 483.505 508.192 531.382 554.748 575.075 600.344 623.232 646.227 670.927 684.986 685.931 687.539 688.817 690.973 694.442 697.832 700.122 701.686 704.777 708.478 711.28 713.92 717.045 719.819 
511.755 467.739 432.438 408.529 409.8 411.912 413.245 415.317 417.081 420.681 424.829 429.127 433.425 436.485 439.42 440.163 419.786 418.901 419.945 422.248 424.658 388.328 378.418 371.076 368.565 367.674 367.097 366.693 365.253 365.776 367.428 371.273 376.003 381.882 385.67 389.976 387.129 387.8 389.667 394.924 403.332 412.496 420.824 428.814 435.543 441.066 443.287 446.333 449.028 456.28 466.151 473.203 489.972 514.981 538.969 562.751 582.72 609.093 631.631 655.122 679.731 694.332 695.783 696.981 698.415 701.285 705.001 708.328 709.227 712.396 715.92 718.714 721.771 724.833 727.411 
522.515 477.903 440.944 417.268 418.007 420.548 421.241 422.239 424.868 427.475 430.766 435.557 440.178 443.678 446.772 448.161 427.062 426.485 427.233 429.483 432.189 399.887 390.566 383.55 381.193 379.992 379.296 378.526 376.285 376.647 378.491 380.247 384.968 389.511 394.494 397.9 397.132 397.324 399.446 403.884 408.218 417.143 425.658 431.852 440.418 446.539 449.344 449.739 452.023 454.358 461.493 472.396 479.408 496.21 522.157 546.446 569.979 591.033 617.116 639.958 663.596 688.636 703.526 704.586 706.046 708.231 711.338 715.056 716.791 719.448 723.105 725.811 728.664 732.191 734.476 
531.643 486.29 447.666 424.034 425.751 427.103 428.455 428.87 430.171 433.747 436.255 439.869 445.094 448.988 452.674 453.969 432.491 431.79 433.15 434.829 437.57 410.292 402.314 396.097 394.563 393.273 392.659 391.903 388.956 389.426 391 392.967 395.599 400.017 403.55 408.169 407.697 407.161 410.102 415.017 418.172 422.187 430.329 437.134 443.407 451.357 454.598 456.091 455.495 457.389 459.58 467.305 477.712 484.777 501.959 527.832 552.237 576.346 597.436 623.714 646.36 670.757 696.011 710.51 712.028 714.033 716.634 719.587 722.17 725.325 728.299 731.228 734.225 737.403 740.297 
540.115 493.866 453.489 430.094 431.839 434.211 434.53 435.508 436.166 438.258 441.913 444.731 448.775 453.27 457.369 459.001 437.031 436.235 437.574 440.173 441.851 420.098 413.869 408.393 407.896 406.546 406.031 405.184 401.411 401.818 403.412 405 407.727 410.206 413.438 416.701 417.887 416.723 420.161 425.999 429.569 432.479 435.677 442.293 448.93 454.617 459.436 461.449 461.404 460.858 462.392 464.94 472.561 482.635 489.982 506.881 532.872 557.654 581.63 603.293 629.688 652.919 677.644 702.206 717.326 719.22 721.896 724.08 725.991 729.728 733.46 735.703 738.913 742.035 744.803 
547.883 500.879 459.031 435.506 437.505 440.244 441.153 441.413 442.456 444.074 446.106 449.865 452.813 456.33 461.947 463.513 441.686 441.238 441.808 444.466 446.337 429.901 425.179 420.405 421.233 419.452 419.301 418.314 414.282 414.55 416.031 418.097 420.612 423.221 424.486 427.244 427.326 426.615 429.444 435.45 439.784 443.178 445.475 446.989 453.945 459.591 462.687 466.461 467.093 466.099 465.864 468.626 470.864 478.251 488.28 494.952 511.615 538.072 563.069 586.604 608.811 636.071 659.725 684.065 708.314 723.696 726.587 729.22 730.287 733.042 737.569 740.383 743.022 746.453 748.858 
555.502 507.324 463.63 439.592 442.46 444.842 446.409 447.653 448.089 450.243 451.613 453.678 457.885 459.974 464.022 467.733 445.883 445.185 446.376 447.764 450.185 439.055 436.213 432.146 433.272 432.451 432.379 431.545 426.956 427.498 428.857 430.451 433.409 435.555 437.007 437.926 437.075 435.454 439.029 444.973 449.396 453.485 456.044 456.609 458.136 464.36 466.693 468.892 471.527 470.888 470.283 471.538 473.701 475.906 483.115 491.96 498.78 515.421 542.194 567.308 591.065 614.381 642.13 665.195 689.612 714.306 730.079 732.748 734.782 736.604 740.071 743.688 746.967 749.514 752.847 
564.004 514.48 469.022 443.631 447.077 450.665 451.501 454.047 455.388 457.114 458.871 459.967 462.342 465.708 468.535 470.658 451.494 450.381 451.478 453.344 454.097 447.124 446.194 442.799 443.965 444.416 444.466 443.894 438.802 439.334 441.274 442.932 445.606 448.255 449.336 450.446 446.929 444.261 447.704 454.366 458.736 463.056 466.298 466.804 467.576 468.436 471.529 473.541 474.908 476.752 476.091 477.755 478.605 480.671 482.576 487.863 496.532 503.234 520.621 546.646 572.503 598.099 621.522 648.774 671.488 695.939 721.433 736.969 739.307 741.74 744.301 747.133 751.174 754.124 756.695 
571.771 521.023 474.262 447.927 450.769 455.113 457.095 458.762 461.178 463.716 465.28 466.808 467.949 469.615 474.298 474.874 456.607 455.496 456.276 458.483 459.326 456.069 456.871 454.143 455.415 456.262 456.917 456.502 451.217 451.622 453.192 455.551 458.235 460.736 462.33 462.883 457.03 453.586 456.697 462.811 467.838 472.232 475.866 477.216 477.989 477.959 476.005 478.425 479.144 480.57 481.646 483.234 484.401 485.167 486.813 487.216 492.302 501.102 508.23 524.885 551.618 578.88 604.982 627.963 654.589 677.335 702.743 728.203 743.123 745.873 749.161 750.965 754.255 758.03 760.654 
578.178 525.852 477.574 450.989 453.188 456.788 459.24 462.199 464.268 467.381 469.562 471.212 473.193 473.392 475.742 478.54 459.688 458.762 459.422 461.278 463.352 465.952 468.161 466.836 467.801 469.021 469.959 470.429 464.316 464.75 466.269 467.893 471.252 473.635 475.007 476.271 467.26 462.36 466.212 472.471 477.516 482.909 486.338 488.263 489.815 489.672 484.396 483.542 484.458 484.904 485.366 487.066 488.52 489.348 489.764 489.913 490.074 495.049 504.17 510.922 527.889 555.705 583.199 608.948 632.294 658.721 682.326 707.514 732.148 747.69 751.29 754.041 756.22 759.021 762.8 
585.378 531.651 481.46 454.298 457.026 459.872 461.844 465.188 468.365 471.436 474.335 476.626 478.429 479.634 480.466 480.913 463.746 462.772 463.633 465.1 466.929 473.069 477.492 478.912 479.806 480.824 481.948 483.052 476.816 477.435 478.894 480.398 482.935 485.867 487.169 488.119 476.833 470.948 474.415 481.375 486.269 491.58 496.152 497.764 499.856 500.544 492.083 490.153 488.61 489.514 489.29 490.661 491.784 493.493 494.261 493.619 493.178 493.844 498.775 507.979 514.672 532.813 561.088 588.165 614.125 637.675 664.409 687.875 712.458 737.778 754.037 757.002 760.11 762.048 765.003 
592.244 537.152 485.121 457.259 460.395 463.686 465.183 467.998 471.453 475.717 478.489 481.279 483.428 484.569 486.715 485.591 468.189 467.03 467.689 469.452 470.592 476.695 484.858 489.94 492.436 493.266 494.186 495.525 489.97 490.63 492.299 493.848 496.326 498.552 500.315 501.162 487.218 480.271 483.807 490.351 495.781 500.959 505.497 508.162 509.922 511.377 500.388 497.521 494.398 494.372 494.441 495.726 496.548 497.722 499.017 497.377 496.744 496.933 497.793 502.262 511.801 519.671 538.429 566.406 592.75 618.863 643.101 669.911 692.912 717.676 743.872 759.488 763.071 765.616 767.713 
598.555 542.357 488.969 461.209 462.785 467.052 468.923 470.798 473.583 478.198 482.232 485.039 487.72 489.2 491.673 490.362 472.082 471.254 471.31 473.673 474.851 480.918 488.915 497.537 503.735 505.851 506.566 507.461 502.823 503.295 504.819 506.714 509.165 511.424 512.515 513.877 497.641 489.916 493.197 499.488 504.625 510.473 514.95 517.75 520.68 521.62 509.026 505.061 499.972 499.889 499.124 500.21 501.186 501.876 502.635 500.864 499.987 500.863 500.756 501.452 506.156 516.412 525.13 543.554 570.803 597.355 624.361 648.789 674.58 697.956 723.786 748.961 765.21 768.745 770.919 
606.007 548.338 492.92 465.473 467.03 469.227 471.886 474.222 476.766 480.505 484.824 488.967 492.291 493.985 495.241 495.25 476.262 475.22 476.167 476.495 480.019 485.313 493.456 502.005 511.148 517.398 519.094 520.118 515.132 515.871 517.712 518.934 521.739 523.631 524.813 525.701 507.338 498.524 502.324 509.083 514.467 520.154 525 527.688 530.658 533.092 517.977 512.911 506.257 505.696 504.089 504.128 505.07 506.055 506.651 504.74 503.085 504.208 504.909 505.356 505.215 511.002 521.248 529.941 548.726 576.119 603.057 629.888 653.359 680.227 703.882 729.374 755.156 771.017 775.114 
613.692 554.833 497.154 469.966 471.854 474.223 474.988 477.906 480.81 484.148 487.555 492.331 496.527 498.987 500.933 500.438 480.472 479.487 480.253 482.188 482.657 490.168 497.142 505.813 515.099 524.053 530.115 531.921 527.185 527.87 529.826 531.569 533.746 536.233 536.944 537.656 516.752 507.206 510.379 517.416 522.965 529 533.81 536.724 539.705 542.131 526.021 519.526 511.463 510.409 507.87 509.135 508.972 509.887 511.121 508.947 506.668 507.624 508.547 509.517 509.958 510.437 516.811 526.808 535.335 554.584 582.332 609.32 634.97 659.412 687.147 710.041 735.937 761.376 777.345 
619.508 559.594 500.771 474.325 475.095 478.023 479.132 479.898 482.888 486.541 489.752 493.615 498.445 501.773 505.439 504.551 483.554 483.314 483.214 485.66 487.457 493.701 503.174 510.773 520.401 529.398 538.247 544.183 540.733 541.124 542.719 544.748 547.321 549.332 550.645 550.923 527.383 516.851 520.343 526.456 532.324 538.453 543.824 546.827 550.06 552.136 535.226 527.224 517.409 515.891 512.261 512.704 513.689 513.282 514.06 512.465 509.955 510.509 511.38 512.382 513.497 513.904 515.372 521.295 531.032 540.047 559.803 587.624 613.352 639.734 665.077 692.204 715.321 741.143 766.096 
625.864 564.743 505.173 478.54 480.285 481.925 483.441 485.157 485.638 489.554 493.252 496.571 500.285 504.448 509.325 509.737 487.52 487.817 487.94 489.426 491.007 497.789 505.997 516.144 524.897 534.187 543.207 551.968 554.107 554.348 555.457 557.297 560.19 562.651 563.572 564.414 537.725 526.3 529.874 536.079 540.772 547.049 552.619 556.235 559.454 561.807 544.055 534.802 523.352 521.862 517.597 518.331 518.324 518.736 518.24 516.571 513.919 514.073 514.677 515.288 516.675 518.425 519.719 520.649 526.194 535.995 545.824 565.451 592.538 618.685 645.954 670.725 698.051 720.873 746.367 
632.536 570.172 509.601 482.659 484.272 486.945 487.234 489.338 490.843 492.521 496.413 499.975 503.537 506.366 511.803 514.419 491.052 491.397 492.384 493.955 494.566 500.798 509.448 518.15 529.454 537.962 547.309 556.385 564.65 567.088 568.108 569.473 572.243 574.928 576.421 576.935 547.856 535.592 538.957 545.211 549.947 554.706 560.232 564.261 568.099 570.384 551.959 541.836 528.788 527.239 522.333 523.101 523.602 523.257 522.981 520.137 517.255 517.669 517.945 518.354 519.357 521.741 524.117 524.751 525.564 531.291 541.766 551.425 570.247 598.057 625.064 651.338 676.367 703.852 726.23 
638.689 575.372 513.186 486.44 487.907 490.475 492.104 492.616 494.631 497.318 498.704 502.882 506.356 509.243 513.209 516.205 494.462 494.8 495.259 497.899 499.113 505.06 513.102 522.221 532.063 543.226 551.603 560.863 569.489 578.192 581.455 582.624 584.824 587.299 588.89 589.999 558.272 545.174 548.545 554.779 559.55 564.535 568.63 572.42 576.74 579.681 560.41 548.962 534.12 532.307 526.39 527.192 527.612 527.673 527.452 523.481 520.211 521.099 521.389 521.629 522.22 523.83 527.009 528.817 529.225 530.612 536.571 547.093 555.949 575.327 604.148 630.121 656.591 681.969 709.099 
644.709 580.633 516.858 491.17 491.796 494.181 495.698 496.844 497.543 500.53 503.055 504.868 509.048 511.786 515.726 517.419 497.876 498.533 498.81 500.606 503.654 510.686 518.381 526.991 537.036 546.484 557.44 565.769 574.519 583.667 593.36 596.695 598.698 600.599 601.911 603.058 569.155 555.251 558.424 564.765 569.781 575.026 579.333 581.636 585.857 589.316 569.827 556.781 540.026 537.526 530.518 530.961 531.604 531.813 531.806 527.374 523.571 524.738 525.565 525.824 525.725 526.281 528.818 531.935 533.152 534.323 535.99 542.27 551.38 561.155 581.238 609.248 635.68 662.421 687.379 
651.859 586.43 520.654 495.327 496.592 498.119 499.013 500.912 502.752 504.288 506.962 509.764 511.702 515.018 517.701 520.304 501.677 501.834 503.134 504.119 506.615 514.255 523.208 531.405 540.526 550.564 559.639 570.737 577.95 587.306 597.622 607.022 611.278 612.88 613.634 614.627 578.498 563.647 567.223 573.79 579.091 584.875 589.253 591.675 594.256 597.938 578.449 563.993 545.584 542.706 534.539 534.888 535.223 535.734 536.162 531.003 526.338 527.634 528.489 529.773 529.812 530.439 531.298 533.536 536.644 538.262 539.788 541.333 546.382 556.84 567.149 586.703 615.054 641.111 668.241 
658.446 591.768 524.482 498.923 501.111 503.04 503.179 504.515 506.612 509.449 510.889 513.451 516.348 517.566 521.762 522.44 505.149 505.378 506.211 508.324 508.924 516.626 526.19 535.825 545.08 554.105 564.193 573.384 583.968 591.666 601.983 612.367 622.688 626.629 627.021 627.275 588.562 572.614 576.042 582.621 587.713 593.152 598.197 600.935 603.585 605.343 586.46 570.956 550.885 547.751 538.849 539.781 539.654 539.809 540.077 534.355 529.271 529.696 531.118 531.821 533.492 534.383 535.622 536.034 537.823 541.272 543.546 545.059 545.716 551.596 562.803 572.229 592.27 620.389 646.366 
664.893 597.377 529.245 503.768 504.983 508.132 509.057 509.101 510.239 513.591 516.364 517.741 520.492 522.633 525.11 526.985 508.846 509.381 509.918 512.198 513.526 519.164 528.747 539.013 549.878 558.95 568.054 577.909 586.756 597.585 606.145 616.727 627.889 638.075 640.843 640.825 599.203 582.406 585.776 591.895 596.866 601.901 606.823 610.203 613.121 614.771 594.634 577.843 556.076 552.514 543.158 544.196 544.637 544.215 543.982 537.819 532.909 533.181 533.648 535.051 536.334 538.643 540.388 540.894 540.735 543.141 547.225 549.441 549.985 551.454 558.21 568.373 578.078 598.324 625.785 
671.926 603.117 533.228 507.19 509.927 512.025 513.615 515.116 515.376 517.557 520.663 523.31 524.898 526.857 530.027 530.339 513.184 513.423 514.167 515.626 516.898 522.878 530.412 540.512 551.95 562.761 571.919 581.032 590.568 599.963 611.859 620.593 632.066 642.926 651.781 654.086 608.972 591.096 594.478 600.9 605.498 610.699 615.02 618.175 621.853 623.868 602.314 584.735 561.474 557.578 547.689 549.207 549.924 549.826 549.265 541.696 536.25 536.415 536.791 537.086 539.292 541.567 544.546 545.827 545.569 545.796 548.952 553.031 554.508 555.311 557.891 563.679 574.452 583.824 604.113 
679.852 609.614 537.338 510.586 513.79 517.241 517.64 520.166 522.145 523.362 525.074 528.268 530.98 531.758 534.132 535.65 518.325 518.119 518.987 519.914 521.383 526.303 534.074 542.255 553.17 564.736 575.417 584.792 593.407 603.798 614.635 626.455 636.156 647.156 656.769 665.086 618.538 599.597 602.826 609.625 614.707 619.846 624.218 626.385 629.909 633.005 610.183 591.552 567.087 562.716 552.352 554.004 555.033 555.849 555.174 546.249 539.814 540.334 540.849 540.98 541.585 545.014 547.634 550.441 551.006 551.299 551.813 555.072 558.577 560.453 562.095 564.206 570.484 580.559 590.473 
590.473