5.70073 11.4015 17.1022 22.8029 28.5036 34.2044 39.9051 45.6058 51.3065 57.0073 62.708 68.4087 74.1094 79.8102 85.5109 91.2116 96.9123 102.613 108.314 114.015 119.715 125.416 131.117 136.817 142.518 148.219 153.92 159.62 165.321 171.022 176.722 182.423 188.124 193.825 199.525 205.226 210.927 216.628 222.328 228.029 233.73 239.43 245.131 250.832 256.533 262.233 267.934 273.635 279.336 285.036 290.737 296.438 302.138 307.839 313.54 319.241 324.941 330.642 336.343 342.044 347.744 353.445 359.146 364.846 370.547 376.248 381.949 387.649 393.35 399.051 404.751 410.452 416.153 421.854 427.554 
9.87492 9.23992 14.2416 21.9955 26.8678 32.7442 38.5981 43.3641 48.8125 55.5243 61.1009 67.059 72.8333 78.0395 84.9529 88.4526 94.5732 100.591 105.928 113.426 120.054 132.754 140.774 146.925 153.716 159.004 164.353 170.204 174.924 180.999 187.539 193.306 199.88 205.274 209.868 215.483 217.936 222.375 232.27 241.067 245.663 251.634 256.431 260.693 266.604 271.421 273.751 278.29 282.008 287.097 291.389 296.289 302.387 307.443 312.959 317.336 323.142 329.615 335.419 340.75 345.499 350.898 357.112 363.093 368.335 374.196 380.514 386.282 391.245 396.868 403.107 408.03 414.637 421.059 426.675 
13.2554 12.6662 12.3294 19.3834 26.3116 31.0866 37.5118 41.8324 46.1186 52.7686 59.1856 65.086 71.2912 76.8511 83.473 87.8668 91.648 98.4302 103.552 110.567 118.783 133.294 148.34 156.92 164.458 170.945 176.112 181.438 186.468 191.41 198.344 205.091 211.619 217.87 222.021 226.542 228.809 229.814 238.553 251.5 258.99 263.463 268.657 272.11 276.549 281.321 282.904 283.988 286.566 289.38 293.172 296.811 302.019 307.459 312.15 316.764 321.431 327.543 334.266 339.54 344.099 348.402 354.488 360.919 366.363 372.063 378.29 384.642 389.961 394.581 401.056 406.007 411.719 419.51 425.725 
16.7686 15.9841 15.9709 18.0068 22.9616 29.4981 35.5174 40.5435 44.5912 49.6557 55.8158 62.61 68.599 74.3317 81.0677 86.1302 91.4296 95.7697 101.606 108.1 116.153 132.735 149.711 165.296 175.079 182.321 188.562 193.87 198.125 203.386 209.115 216.086 223.684 229.919 235.082 239.133 240.254 240.962 246.313 258.178 270.034 277.773 281.365 285.256 288.934 292.343 293.706 294.059 293.184 294.937 296.196 298.929 303.109 307.401 312.619 316.393 321.249 326.328 332.654 338.949 343.418 346.941 351.749 358.21 364.044 369.848 375.576 381.995 387.901 392.976 398.201 403.59 408.925 415.727 423.544 
20.036 18.7629 19.3814 20.8103 21.1428 26.3113 33.3657 38.6714 43.2446 48.3577 53.0792 59.1093 66.0649 71.2556 78.8811 83.5674 89.0016 94.9593 98.4869 105.952 113.073 129.281 148.176 165.754 182.476 192.1 199.225 205.578 210.162 214.707 220.722 226.573 234.467 241.822 246.983 251.872 252.455 251.97 256.581 264.888 275.591 287.634 294.602 296.796 301.012 303.538 303.707 303.964 301.458 300.854 301.107 301.669 304.694 307.944 312.095 316.103 320.311 325.299 330.782 336.327 342.276 346.074 350.234 354.901 360.466 367.025 373.027 379.18 384.84 390.927 396.483 400.61 406.199 412.815 418.581 
24.362 22.874 22.4283 24.829 24.5101 24.9297 30.8903 36.6774 42.0946 47.4181 52.162 57.1957 63.1326 69.5565 75.5496 81.3092 86.5618 92.3139 97.995 103.069 111.556 126.503 144.898 164.341 183.002 199.505 208.96 216.255 221.688 226.646 232.043 238.077 244.895 252.544 258.825 263.717 265.288 263.903 267.657 275.295 282.47 293.359 304.51 310.163 312.666 315.869 315.052 314.038 309.888 308.479 306.81 306.142 307.303 309.262 312.931 316.02 320.218 325.088 330.283 335.234 340.429 345.565 349.637 353.85 357.936 364.306 370.925 377.342 382.465 388.755 395.298 399.666 403.994 410.863 416.749 
30.8961 29.4991 28.6628 29.8179 30.3254 31.7534 31.531 36.3381 41.9556 48.3252 53.6994 58.8526 63.8417 69.3415 77.253 80.9623 85.9464 92.3069 97.4932 105.093 110.191 125.096 141.368 159.966 180.423 198.232 214.662 223.925 230.657 236.142 241.641 247.492 254.453 261.141 267.943 273.855 276.23 275.848 278.206 284.161 290.763 298.269 308.539 318.464 324.888 326.15 326.018 323.653 317.434 315.439 312.525 311.234 311.839 312.251 315.035 318.819 321.444 327.156 331.851 336.69 341.429 346.26 351.919 355.977 359.757 364.501 371.235 378.267 382.945 389.373 396.186 401.367 405.781 411.674 417.163 
35.3958 34.3166 33.8896 35.5754 34.346 35.6726 37.0937 35.6626 40.2727 46.1702 52.7006 58.281 63.5591 68.0587 75.4426 81.4312 85.355 91.3573 96.6116 103.377 111.219 124.721 141.419 158.056 177.709 197.656 215.448 231.836 240.718 247.788 253.901 259.593 266.333 273.092 278.649 284.983 287.858 288.581 291.485 296.415 301.309 308.155 314.943 324.06 334.621 339.668 337.949 334.417 326.174 323.389 318.922 316.816 317.512 317.045 318.03 320.591 324.191 327.522 333.309 337.54 342.333 345.682 351.342 357.037 360.297 364.986 369.686 377.214 382.822 388.009 394.978 400.554 405.981 411.957 416.396 
38.4053 37.7506 38.1518 39.6714 38.7117 39.011 40.712 39.3237 38.4324 44.1438 50.244 56.6454 62.1128 67.4311 74.1383 79.0537 84.9093 90.0332 94.7422 101.565 108.192 124.848 140.517 157.771 175.857 195.083 215.063 232.724 248.582 257.541 265.178 271.616 278.069 284.577 290.126 295.438 298.568 300.085 304.608 310.171 313.676 318.383 324.644 330.297 339.729 348.943 349.484 344.733 334.368 330.864 325.172 322.351 322.53 321.992 321.648 322.456 325.078 329.033 332.5 337.673 341.642 345.695 350.009 355.646 360.279 364.105 369.221 374.175 381.023 386.653 392.604 398.007 404.029 410.964 416.14 
41.6747 41.0878 40.9421 42.9424 42.4492 43.0683 43.4849 42.6238 41.1831 42.6319 47.9241 54.025 60.4658 65.5521 72.9832 76.9493 82.5093 89.2502 92.8922 99.3436 106.709 121.301 140.108 156.255 174.782 192.528 211.573 231.515 248.588 264.702 274.478 282.431 289.745 295.904 301.252 306.653 308.675 310.401 315.7 323.165 327.465 331.047 335.076 339.812 345.963 354.162 360.341 354.98 342.557 338.303 331.237 327.967 328.222 327.195 326.777 325.616 326.411 329.617 334.052 336.538 341.295 345.132 349.74 354.206 358.594 363.953 368.13 373.618 377.856 384.584 390.824 395.614 401.558 409.045 415.198 
44.8847 44.1523 44.2964 45.9555 45.8527 46.0221 47.2436 45.58 43.5172 45.2744 46.4061 51.3629 57.5626 63.302 70.3542 75.8577 80.5333 86.7807 92.5068 97.1001 104.798 120.229 137.03 156.407 173.621 191.887 209.287 228.416 247.653 265.076 282.021 291.93 300.766 307.713 312.801 317.954 319.935 320.535 326.093 334.452 340.686 345.159 348.056 350.546 355.755 360.81 365.823 365.402 350.86 345.867 337.428 333.444 333.583 332.116 331.561 329.408 329.427 330.95 334.702 338.339 339.931 344.426 348.88 353.77 356.516 362.067 367.261 372.039 376.813 381.339 388.086 393.361 398.829 406.114 413.132 
49.9821 49.101 48.6607 50.0709 50.7826 51.1155 51.3302 49.8782 47.3553 48.5566 50.1614 51.8184 56.5188 62.3823 69.2526 74.2307 79.5063 84.8229 90.7684 97.8706 103.833 118.13 135.618 153.081 173.503 190.331 208.23 225.699 243.861 263.264 281.428 298.543 309.344 317.905 324.034 328.992 330.885 331.792 336.178 344.639 351.927 358.424 362.218 363.494 366.363 370.685 372.669 375.694 359.183 353.674 343.917 338.679 338.664 336.911 336.568 334.099 334.139 335.194 337.011 340.259 342.694 344.313 349.006 353.683 358.447 361.714 367.358 372.564 376.481 382.279 386.643 393.007 398.142 404.746 411.38 
53.8581 52.7472 52.2739 54.1157 53.8279 54.9213 55.6067 52.6895 49.456 50.9965 52.3697 53.9693 55.9483 60.063 67.383 71.8319 76.9534 83.0571 87.6714 95.1105 103.32 117.089 133.628 151.682 170.307 190.365 206.935 224.89 241.442 259.854 280.052 298.315 316.242 326.74 334.279 340.265 342.042 342.66 347.521 354.839 362.192 369.559 375.284 377.787 379.368 381.197 382.374 383.109 367.571 361.248 350.125 343.505 343.967 341.316 340.975 337.964 337.878 338.905 340.198 341.694 343.848 345.892 347.873 352.732 357.071 362.351 365.955 371.693 375.873 380.437 386.347 389.763 396.563 403.103 409.166 
57.6747 56.5319 55.5687 57.3005 58.1249 58.1987 59.9032 56.4264 52.7297 54.0035 55.2843 56.6372 58.2152 59.6701 65.5469 70.4494 75.1538 80.6956 85.9663 92.247 99.959 116.313 132.198 149.267 168.683 186.962 206.892 223.545 240.997 257.987 277.172 297.562 316.697 334.313 343.627 350.841 353.482 353.956 358.231 366.003 371.884 379.166 385.755 390.193 393.043 393.525 392.195 392.301 375.526 368.399 355.891 349.097 349.282 346.323 345.919 341.587 341.728 342.327 343.685 344.391 345.571 346.999 350.078 352.099 355.508 360.942 366.235 370.528 375.536 379.493 384.981 389.086 393.446 401.485 407.321 
62.0867 60.7095 58.812 60.0439 61.6992 62.7831 63.1857 60.6096 56.4695 57.9158 58.7677 59.9876 61.445 62.3072 65.4567 68.7873 73.9921 78.8388 83.8901 90.8685 97.7035 112.442 130.841 147.254 165.562 184.74 202.805 222.882 239.052 256.983 274.857 294.316 315.696 334.546 351.09 360.143 363.949 365.262 369.322 376.596 383.012 388.873 395.374 400.387 405.286 407.073 403.023 402.054 383.559 375.749 361.869 355.01 355.17 351.7 351.486 345.279 345.609 346.245 347.548 347.932 348.371 349.631 351.565 354.576 355.433 359.818 365.366 371.149 374.808 379.806 384.263 388.598 393.268 398.907 405.973 
66.2672 64.4518 61.7491 63.6822 63.7583 65.9984 67.1525 63.3844 59.2732 60.4822 61.8051 62.7836 64.4496 65.2578 67.0767 67.7802 71.3749 77.1902 81.4575 88.0181 96.2978 110.481 127.438 146.423 163.863 181.987 200.904 218.961 238.161 254.729 273.661 291.559 311.841 332.919 350.581 366.954 372.776 375.212 380.466 387.652 393.825 400.371 405.449 410.449 415.734 419.619 414.064 411.797 391.316 382.578 367.27 359.335 359.851 355.648 355.612 348.577 348.55 349.735 350.576 351.656 351.318 351.455 353.034 354.91 357.556 359.223 363.978 369.633 374.244 378.646 383.889 387.552 392.437 398.184 403.304 
69.9396 67.2805 64.5943 65.8274 67.0927 67.7116 69.4432 66.3707 62.2765 63.351 64.1618 65.2343 66.4961 67.704 69.9964 69.5125 70.3928 74.8446 79.9373 85.433 92.7143 108.717 125.273 142.89 163.001 180.286 198.363 217.329 234.518 253.905 271.444 290.555 309.381 329.403 349.286 366.771 379.609 383.75 390.294 398.622 404.666 410.967 416.757 420.28 425.588 429.715 424.88 421.483 399.031 389.598 372.967 364.537 364.753 360.297 359.88 351.683 351.735 351.841 353.594 353.238 353.775 354.23 354.41 356.03 357.007 359.789 362.576 367.262 372.112 377.226 382.08 386.607 390.678 396.263 401.639 
74.6878 70.8813 68.7 69.7425 69.4613 70.5625 71.4399 70.0221 65.9896 66.2959 67.2686 67.5223 69.3322 69.8967 71.7673 72.5377 73.1307 74.2756 78.4233 84.423 90.7768 105.751 124.389 141.483 160.154 180.226 197.406 215.831 233.573 251.004 271.203 288.711 308.81 327.388 346.425 366.239 380.272 391.203 399.747 409.399 416.873 423.148 428.431 433.056 436.704 440.987 437.013 432.903 408.658 398.722 380.614 370.858 371.461 366.212 365.614 356.168 356.374 356.322 356.754 357.666 357.105 357.551 357.385 357.539 359.807 360.053 363.795 366.189 370.662 375.57 380.586 385.205 389.778 394.408 399.942 
78.901 73.9028 72.7195 73.9658 72.7864 73.1304 73.9585 73.3293 69.3877 69.3329 69.5957 70.3065 70.6485 71.907 73.9915 74.7461 76.2443 77.7554 77.9186 82.7102 89.3666 104.231 121.713 140.954 159.052 177.457 197.436 214.831 232.184 250.085 268.291 288.466 306.91 326.801 344.324 363.12 379.354 391.595 406.767 418.376 427.217 435.301 440.727 444.657 449.581 452.163 449.314 444.091 417.923 407.434 387.868 376.981 377.438 371.871 370.903 360.895 360.646 360.942 361.203 361.055 360.949 360.239 360.528 360.856 360.725 362.304 363.508 367.228 368.924 373.622 378.643 383.728 388.176 392.615 397.526 
82.3875 77.4268 77.4218 78.8653 76.4258 77.3824 78.0057 77.3209 72.8802 73.6001 73.1811 73.2283 73.965 73.6319 77.4177 77.8932 79.0714 81.5038 81.5208 83.3055 88.2546 103.437 120.427 138.389 158.739 176.373 194.665 214.64 231.556 249.195 267.767 286.194 307.267 325.537 344.366 361.499 377.058 391.919 407.558 425.414 435.92 445.171 452.557 456.553 460.985 464.631 461.299 454.868 426.53 415.431 394.461 383.217 383.545 377.485 376.251 365.477 365.448 365.909 366.381 365.823 365.614 363.663 364.74 365.111 363.607 364.534 366.182 368.417 371.034 372.753 378.14 381.996 387.384 392.914 395.894 
93.3387 88.0098 87.4122 88.0902 85.9728 87.7088 87.3667 86.9864 82.8852 83.7011 83.7722 84.2393 84.0975 83.9043 84.624 87.4686 87.1975 89.3236 91.4179 92.3145 94.3332 103.343 118.965 135.914 153.711 172.883 189.882 207.542 226.968 243.988 262.338 280.937 300.091 320.934 338.506 356.549 371.976 388.344 403.762 421.445 438.595 450.959 459.975 465.285 470.517 474.213 472.341 463.643 433.582 422.275 401.092 390.742 390.744 385.119 384.466 374.724 373.802 375.576 375.525 375.643 375.448 373.254 374.076 375.143 373.073 374.027 374.774 377.006 377.464 381.807 384.014 388.542 392.443 398.2 403.281 
103.344 96.9249 95.6128 95.9255 93.8226 95.4224 95.0878 95.195 92.0389 92.4251 92.8204 93.142 93.4748 92.7154 92.3465 93.0407 95.356 96.0597 97.8998 100.44 101.98 107.927 118.331 133.941 150.533 167.92 186.399 203.171 219.017 238.591 256.689 274.461 293.985 312.788 332.528 349.849 365.248 380.088 399.257 418 435.479 454.658 466.31 473.312 479.36 484.094 483.093 472.802 441.034 429.766 407.73 397.574 397.83 392.19 391.728 382.42 380.715 381.984 383.004 383.42 383.518 381.428 381.596 382.343 381.046 381.289 382.534 383.321 384.171 386.234 390.886 392.814 397.413 400.816 407.034 
113.724 105.981 104.68 105.02 102.114 102.975 102.963 103.828 101.912 101.506 101.472 101.773 102.231 101.596 100.003 101.247 102.846 105.69 105.578 106.958 110.625 117.497 125.944 136.511 152.042 168.764 185.503 204.117 218.554 234.468 255.096 272.326 290.933 310 327.531 347.548 361.852 375.063 394.564 417.541 436.514 455.9 474.125 484.212 491.645 497.139 497.906 486.708 453.323 441.852 418.532 407.322 407.873 402.144 401.387 391.972 389.611 390.017 390.872 392.179 392.544 390.588 389.921 390.284 390.039 389.285 390.142 390.886 391.388 392.748 394.595 400.011 401.905 405.285 410.262 
124.584 115.992 115.208 116.04 111.173 111.782 112.171 112.169 112.231 111.428 110.96 110.814 111.582 111.115 107.841 109.679 111.744 113.934 115.796 115.184 118.026 127.88 137.435 146.18 156.827 172.518 188.644 205.467 221.545 235.848 252.755 272.472 290.364 308.512 326.433 344.394 361.708 373.893 391.676 414.794 437.981 458.486 476.901 493.897 504.33 511.089 513.482 502.062 467.004 454.992 430.36 417.577 418.361 412.492 411.417 402.342 399.625 400.057 400.07 401.376 402.439 400.544 399.153 399.356 399.837 398.612 398.954 399.339 399.692 400.986 401.966 404.305 409.57 410.734 415.418 
134.892 125.371 124.798 125.322 119.469 120.575 120.311 120.63 121.59 120.887 120.167 120.028 120.439 120.083 115.728 116.637 118.594 121.508 122.879 123.866 124.606 132.99 145.078 154.891 163.682 174.559 189.711 205.628 220.315 236.182 251.208 267.215 287.431 304.998 322.056 340.218 355.732 371.472 387.646 408.797 431.873 456.722 476.578 493.703 511.082 520.839 524.745 514.521 477.916 465.526 439.821 425.756 426.368 420.672 419.487 411.246 408.082 408.692 408.437 409.346 410.669 409.551 408.015 407.716 408.243 407.461 407.679 407.565 407.073 408.762 410.024 410.98 412.933 417.632 419.644 
151.066 140.198 138.042 136.568 133.939 135.012 133.803 134.721 135.679 136.935 135.953 135.671 135.905 135.24 130.494 129.627 129.423 131.423 135.044 136.109 136.572 133.713 142.301 154.923 164.484 174.552 185.536 200.406 215.029 229.783 247.319 261.937 278.545 298.37 315.072 332 348.127 363.888 380.797 399.804 419.935 443.959 468.716 486.527 503.67 521.551 530.507 524.06 487.871 475.934 451.074 438.3 437.677 433.089 431.764 423.522 419.811 420.096 420.176 420.669 422.078 423.796 422.166 421.313 421.533 421.211 421.887 421.435 420.371 421.582 423.642 424.544 425.474 426.613 431.833 
173.764 161.469 157.546 154.769 154.975 156.095 153.694 154.611 156.208 157.912 158.185 157.916 158.12 156.919 151.778 150.096 148.621 148.62 151.561 154.859 155.503 147.805 146.239 155.127 165.914 176.638 186.785 197.365 212.194 227.614 243.796 260.412 275.075 291.352 310.672 326.448 343.433 361.396 374.852 392.967 411.656 433.55 457.942 480.8 498.46 517.118 535.615 537.965 502.857 491.588 467.947 456.618 455.255 451.439 450.17 442.353 437.926 438.349 438.186 439.054 439.901 442.465 442.736 441.398 441.652 441.632 442.154 442.028 440.127 441.433 442.965 444.837 445.888 445.81 447.401 
197.218 183.413 177.944 173.905 176.407 178.046 174.24 175.334 176.851 179.025 180.86 180.953 181.129 179.364 174.095 171.479 168.792 168.971 169.671 172.663 175.435 163.26 160.058 159.827 166.234 177.72 188.199 197.561 208.333 223.817 240.117 255.229 271.642 286.241 302.336 320.65 337.772 357.132 372.196 386.087 404.867 426.503 448.846 471.266 494.227 513.228 532.604 550.839 518.9 508.587 485.961 475.786 473.821 470.782 469.605 462.268 457.027 457.574 457.211 458.085 459.283 461.146 463.961 462.365 462.772 462.946 463.581 463.602 460.742 462.01 463.614 465.131 467.105 467.086 467.419 
221.209 205.819 198.878 193.658 195.875 199.813 195.083 196.394 198.023 200.075 202.379 204.38 204.694 202.345 196.936 193.483 189.648 189.781 190.636 191.44 193.99 179.922 175.141 174.191 171.526 178.481 189.375 199.173 208.397 219.88 235.888 250.795 265.46 281.275 296.25 311.374 331.963 351.771 368.126 383.322 398.331 420.285 442.125 462.873 485.432 509.679 529.415 548.611 535.61 526.364 504.628 495.362 492.843 490.69 489.632 482.822 476.6 477.337 476.792 477.778 478.786 480.976 483.051 483.779 484.452 484.723 485.329 485.593 481.921 483.085 484.681 486.253 487.872 488.941 489.451 
245.915 228.857 220.348 213.995 216.165 219.705 216.318 217.744 219.809 221.738 223.903 226.44 228.664 225.908 220.013 216.058 211.212 211.329 212.19 212.907 213.538 197.821 191.601 189.967 184.204 185.161 191.513 201.968 211.246 221.393 233.643 247.845 262.466 276.322 292.134 306.083 323.118 346.034 362.448 379.469 396.243 414.714 436.698 456.914 477.869 501.722 526.537 546.049 553.048 544.821 523.819 515.347 512.333 511.105 510.32 504.141 496.829 497.502 496.947 497.967 499.131 501.024 503.312 504.935 506.468 507.007 507.591 507.807 503.588 504.824 506.235 507.945 509.595 510.2 511.989 
269.712 251.038 241.057 233.589 235.746 239.267 236.76 238.227 240.356 242.612 244.689 247.145 249.847 248.601 242.495 237.863 231.898 232.138 232.925 233.768 233.986 215.207 207.327 204.979 196.421 196.876 197.723 203.589 214.147 224.188 234.86 245.704 259.825 273.811 287.476 301.697 317.063 336.501 355.188 371.629 390.285 410.854 429.425 449.9 470.627 492.651 517.405 542.002 562.427 562.256 542.001 534.557 531.037 530.687 530.208 524.734 516.292 516.907 516.32 517.221 518.585 520.468 522.614 524.454 526.794 528.224 529.041 529.346 524.455 525.654 527.296 528.691 530.443 531.104 532.29 
293.064 272.819 261.454 252.944 254.854 258.452 256.756 258.237 260.395 262.684 265.071 267.452 270.059 270.889 264.649 259.295 252.296 252.631 253.355 254.157 254.391 232.748 223.322 220.037 209.005 209.213 209.632 209.858 215.664 226.741 237.156 246.548 257.238 270.534 284.257 296.386 312.398 330.128 345.347 363.806 382.064 404.595 425.235 442.609 463.767 485.275 508.338 532.921 558.235 579.512 559.926 553.409 549.454 549.983 549.785 545.076 535.376 536.109 535.366 536.245 537.487 539.555 541.65 543.395 545.991 548.147 549.869 550.414 544.956 546.076 547.764 549.286 550.722 551.598 552.902 
314.257 292.418 279.769 270.231 272.046 275.335 274.537 276.115 278.344 280.543 282.9 285.635 288.159 290.189 284.544 278.596 270.603 270.964 271.712 272.442 272.655 248.934 238.445 234.339 221.172 221.516 221.785 221.651 221.395 227.621 239.096 248.185 257.603 267.404 280.121 292.366 305.454 323.369 337.545 353.374 373.508 395.582 417.972 437.406 455.398 477.108 499.297 522.123 547.292 573.671 575.865 570.179 565.781 566.649 567.214 563.318 552.404 553.045 552.205 553.115 554.376 556.241 558.485 560.164 562.796 565.152 567.561 568.979 563.269 564.356 566.003 567.575 569.084 569.585 571.186 
335.55 312.138 298.401 287.961 289.258 292.55 292.324 293.998 296.352 298.551 300.697 303.443 306.37 308.294 304.357 298.028 289.062 289.427 290.119 290.929 291.064 265.815 254.441 249.4 234.238 234.414 234.898 234.594 233.529 233.836 240.365 250.498 259.697 268.085 277.621 288.917 302.362 317.103 331.306 345.462 363.431 387.416 409.06 430.666 450.833 469.184 491.505 513.572 536.83 563.047 589.796 587.031 582.275 583.054 584.129 581.666 569.521 570.284 569.187 570.118 571.388 573.166 575.141 577.007 579.695 582.052 584.557 586.757 581.64 582.74 584.441 585.845 587.358 588.012 589.201 
355.925 330.992 316.306 304.877 306.12 308.9 309.247 311.024 313.458 315.815 317.792 320.36 323.344 325.608 323.337 316.65 306.604 306.976 307.651 308.516 308.634 281.907 269.703 263.799 246.848 247.096 247.676 247.485 245.698 245.833 246.418 251.937 262.441 270.698 278.903 287.067 298.816 313.556 324.521 338.552 354.736 376.427 399.881 420.645 443.155 463.433 482.394 504.693 527.261 551.667 578.212 603.121 597.937 598.654 599.598 599.007 585.807 586.443 585.292 586.093 587.505 589.288 591.184 592.738 595.628 598.095 600.517 602.877 599.144 600.276 602.068 603.408 604.663 605.396 606.539 
375.908 349.456 333.798 321.386 322.579 325.21 325.457 327.573 330.103 332.633 334.658 337.089 339.897 342.202 341.755 334.832 323.675 323.964 324.71 325.604 325.793 297.468 284.678 277.882 259.305 259.754 260.266 260.355 257.298 257.246 257.584 256.994 262.853 272.284 280.536 287.707 296.503 309.562 321.535 332.902 348.355 367.856 388.848 411.49 432.902 455.649 476.172 495.131 517.999 541.723 566.398 593.835 613.149 613.82 614.665 615.739 601.589 602.224 600.867 601.743 603.031 605.018 606.874 608.277 610.93 613.607 616.074 618.246 616.184 617.322 619.206 620.538 621.669 622.161 623.507 
394.491 366.645 350.2 336.695 338.082 340.642 340.861 342.842 345.417 348.213 350.43 352.817 355.501 357.625 359.551 351.908 339.333 339.608 340.317 341.688 341.252 311.22 297.792 290.031 270.884 270.896 272.225 272.418 268.772 268.34 268.076 267.534 268.014 273.116 282.583 289.771 297.172 307.228 318.254 329.787 341.333 359.017 377.704 398.526 421.699 442.99 466.463 487.445 507.039 531.21 555.33 581.216 608.171 628.014 628.629 629.97 616.183 616.654 615.173 615.892 617.434 619.364 621.59 622.827 625.262 627.669 630.473 632.714 632.215 633.151 635.305 636.37 637.514 638.109 638.869 
412.721 383.378 366.223 351.633 352.893 355.724 355.816 357.921 360.373 363.155 365.61 368.059 370.809 372.659 374.918 368.564 354.729 354.925 355.603 356.951 356.446 324.619 310.706 301.883 282.115 282.03 282.995 284.335 280.362 279.91 279.678 278.839 279.573 279.38 284.466 292.767 299.801 308.086 316.032 326.772 338.798 352.681 369.173 387.698 409.28 432.227 453.843 478.165 499.684 520.437 544.849 570.258 595.851 623.099 642.877 643.612 630.442 630.844 629.219 629.811 631.301 633.445 635.574 637.208 639.398 641.522 644.107 646.804 647.908 648.667 650.667 652.043 653 653.535 654.315 
429.312 398.507 380.497 364.612 366.296 368.817 369.33 371.323 373.944 376.861 379.131 381.668 384.468 386.373 388.269 383.579 368.509 368.602 369.337 370.47 369.945 336.243 322.079 312.469 292.345 292.695 293.614 294.712 291.53 291.151 291.451 290.487 291.431 291.246 290.873 295.019 302.056 309.42 316.465 325.347 335.495 349.027 361.693 377.364 396.718 417.956 440.801 463.472 488.47 511.133 532.22 558.359 583.347 609.23 636.37 655.954 642.954 643.141 641.526 641.86 643.419 645.799 648.083 649.585 651.893 653.907 656.164 658.624 660.838 662.714 664.529 665.673 666.972 667.323 668.095 
445.129 412.935 393.811 376.485 378.641 381.248 381.748 384.081 386.502 389.965 392.235 394.449 397.382 399.257 401.225 397.8 381.513 381.363 382.218 383.279 382.732 346.89 332.501 322.115 302.037 302.543 303.542 305.082 302.422 302.375 303.12 302.594 303.764 303.579 302.997 302.341 304.487 311.718 318.591 327.223 334.793 345.421 357.472 369.106 385.694 404.842 425.51 449.804 473.13 499.206 522.243 545.288 570.883 596.214 621.986 648.439 654.606 654.82 653.302 653.353 654.446 657.211 659.687 661.469 663.376 665.646 667.644 669.85 672.016 674.914 677.765 678.538 679.755 680.658 681.27 
461.979 428.412 408.026 389.316 391.536 394.488 395.468 397.473 400.178 403.533 406.38 408.513 411.467 413.269 414.842 412.684 395.003 394.223 395.592 397.087 396.557 356.351 342.062 331.101 311.328 312.601 313.951 315.714 313.644 314.087 315.309 315.612 316.768 317.199 316.563 315.686 314.182 316.19 324.028 332.509 339.957 346.774 355.599 367.022 378.38 395.071 412.908 435.637 461.001 485.049 511.549 536.293 559.125 584.672 609.979 634.534 661.122 667.098 665.828 666.011 666.897 669.365 671.975 673.657 676.294 678.119 680.633 682.329 684.306 687.117 690.937 692.798 693.621 694.587 695.392 
478.61 443.892 421.607 401.66 404.411 407.366 408.956 410.835 413.29 417.064 419.898 422.687 425.329 427.337 428.762 427.004 408.002 406.475 408.102 410.287 410.283 364.835 350.318 339.018 320.012 321.179 323.325 325.2 323.999 324.595 326.805 328.321 329.819 330.821 330.091 329.133 326.091 326.089 329.206 339.122 345.924 352.225 357.553 365.182 376.011 387.782 402.766 422.313 446.324 472.02 496.665 525.177 549.858 572.593 598.372 622.223 646.982 673.413 678.189 678.212 679.42 681.787 684.105 685.938 688.104 690.784 693.201 695.317 696.619 699.295 703.054 705.844 707.881 708.544 709.332 
494.22 458.588 434.436 413.454 416.137 419.599 421.438 423.673 425.742 429.335 432.712 435.649 438.777 440.451 442.699 440.691 420.163 418.091 419.601 422.401 423.132 373.721 358.272 346.496 328.845 329.239 331.46 333.777 334.789 335.355 337.154 340.01 342.605 344.121 343.805 342.335 337.672 338.193 338.805 343.613 351.116 356.474 361.616 365.572 372.863 383.696 393.79 410.237 431.4 455.719 482.2 509.381 537.763 562.366 585.521 609.989 634.01 658.654 685.164 689.918 691.126 693.461 696.189 697.664 699.606 702.164 705.162 707.396 709.004 710.921 714.795 717.232 720.163 722.289 722.479 
507.411 470.903 444.724 422.777 425.725 428.988 431.343 433.647 436.118 439.421 442.757 446.194 449.328 451.66 453.586 452.074 430.027 427.463 429.077 431.51 433.381 382.472 366.759 355.154 338.448 338.925 339.855 342.036 344.644 346.391 348.286 350.47 354.298 356.75 356.957 354.921 347.884 348.153 350.015 353.014 355.309 361.594 366.247 369.331 372.923 380.031 388.315 398.709 416.422 437.843 463.198 492.309 519.098 547.685 572.733 594.849 619.386 643.361 668.005 694.517 700.278 702.69 705.471 707.437 708.773 711.276 714.141 716.974 718.64 721.055 723.928 726.655 729.375 732.361 734.152 
518.867 481.654 453.73 431.165 433.567 437.065 439.302 441.832 444.343 447.873 451.058 454.618 458.257 460.703 463.498 462.028 438.215 435.678 436.93 439.642 441.098 392.395 376.827 365.359 349.682 349.759 350.78 351.432 353.729 356.651 359.208 361.566 364.598 368.307 369.657 367.289 357.628 357.747 359.765 363.977 364.576 365.813 371.577 374.511 377.469 380.187 384.771 392.184 403.191 421.195 443.432 471.197 499.903 526.962 556.165 580.869 603.025 627.557 651.303 676.1 703.527 710.082 713.177 715.198 717.148 719.151 721.831 724.487 726.587 729.279 732.658 734.222 737.104 740.142 742.664 
528.744 490.807 461.135 438.191 440.309 442.945 445.681 447.993 450.746 454.393 457.795 461.192 464.98 467.917 470.616 470.31 444.699 442.087 443.561 445.689 448.131 402.886 388.058 376.932 362.128 362.211 362.446 363.508 363.769 366.495 370.239 373.022 376.31 379.01 381.754 380.296 367.569 367.322 369.828 374.559 376.683 376.422 376.919 381.085 383.972 386.189 385.887 389.228 396.199 407.317 425.534 449.603 476.804 505.858 533.697 562.657 587.433 609.817 634.217 658.116 683.322 711.524 718.672 721.148 723.245 725.992 727.901 730.394 732.356 735.72 739.096 741.196 742.931 746.28 748.967 
538.061 499.739 468.533 445.806 446.972 449.442 451.534 453.772 456.167 460.053 463.683 467.502 471.052 474.33 477.61 478.151 450.763 448.41 449.492 451.936 453.969 414.511 400.525 389.768 376.04 375.859 376.05 376.07 376.587 377.028 380.461 384.463 387.977 390.914 392.655 393.581 378.148 377.761 380.287 385.304 388.087 389.081 388.494 387.702 391.923 393.91 393.227 391.511 393.879 400.395 411.504 430.673 454.278 481.824 511.851 540.212 569.024 594.517 616.643 641.33 665.278 690.96 719.76 726.384 729.098 732.057 734.62 736.333 737.982 741.34 745.368 747.362 749.498 752.102 755.041 
546.759 507.795 474.967 452.409 453.51 455.056 456.85 458.792 461.364 464.748 468.273 472.535 476.445 479.37 482.567 484.387 455.713 453.509 454.72 456.892 459.589 425.633 412.926 402.611 389.752 389.482 389.448 389.658 388.561 389.21 390.443 393.941 398.853 402.023 404.139 405.65 388.146 387.371 390.367 395.72 399.159 401.72 401.276 398.909 399.001 402.562 400.668 397.162 396.092 398.254 403.975 415.858 434.545 458.287 486.81 517.063 545.448 575.087 600.347 622.751 647.472 671.939 698 726.29 733.389 736.85 739.602 741.864 742.7 745.985 750.001 752.802 754.636 757.342 759.697 
554.936 515.338 481.045 458.401 460.135 461.624 462.327 463.853 465.89 469.725 472.865 476.738 481.345 484.638 487.971 489.244 460.531 458.717 459.476 461.643 463.737 435.959 424.783 415.023 403.366 403.083 403.103 402.945 401.175 401.154 402.626 404.152 408.385 412.928 415.072 417.157 397.983 396.619 400.184 406.074 409.721 412.621 414.119 410.149 410.207 409.412 408.148 403.149 400.922 400.573 402.486 408.989 420.208 439.089 463.033 491.679 522.052 550.884 580.527 605.989 628.376 654.047 678.933 704.443 733.053 740.753 744.336 746.583 748.188 750.296 754.215 757.06 759.901 762.299 764.825 
562.86 522.562 486.53 463.783 465.842 467.963 468.666 469.087 470.778 473.924 477.504 480.947 485.233 489.17 492.713 493.972 464.707 462.685 464.019 465.948 468.251 445.738 436.299 427.288 416.857 416.756 416.908 416.753 414.231 414.517 415.579 417.24 419.61 423.569 427.02 428.995 408.652 406.353 409.902 416.432 420.749 423.786 425.898 421.789 421.711 420.162 415.736 409.566 406.339 405.537 405.065 407.656 413.704 424.741 443.969 467.253 496.415 526.915 555.954 585.69 611.305 634.622 660.503 684.678 710.767 739.957 747.995 751.165 752.701 755.446 758.115 761.076 764.033 767.373 769.198 
570.196 528.86 491.203 467.781 470.945 473.411 474.534 475.49 475.767 478.663 481.763 485.2 488.862 492.592 497.472 498.668 469.334 467.041 467.859 470.462 471.616 454.819 447.396 439.028 430.056 430.078 430.187 430.179 427.372 427.877 429.002 430.303 432.751 434.849 437.535 440.726 419.083 415.822 419.564 425.982 430.707 434.532 436.897 433.372 433.1 430.775 423.424 416.641 412.057 411.308 410.536 411.533 413.498 419.58 430.198 447.943 471.647 500.624 531.118 560.311 590.41 617.167 641.073 666.221 690.361 716.663 746.652 754.377 757.201 758.936 762.521 764.206 767.816 770.814 773.894 
577.472 535.106 495.749 471.567 474.832 478.317 479.802 481.321 482.064 483.768 486.392 489.328 493.086 496.08 500.789 503.385 474.088 471.344 472.301 474.014 476.132 463.908 458.489 450.845 443.359 443.479 443.58 443.77 440.638 441.15 442.749 444.176 446.328 448.386 449.321 451.734 429.76 425.442 429.22 435.954 440.588 444.758 447.86 444.987 444.697 441.544 431.142 423.719 417.917 416.89 415.956 417.217 417.562 419.571 425.186 434.057 452.038 475.583 505.174 535.26 564.639 596.319 623.49 646.857 671.795 696.238 723.061 752.844 760.428 763.377 765.899 768.574 770.858 774.565 777.462 
584.088 540.486 499.287 474.197 477.633 481.426 483.628 485.866 487.334 489.346 490.594 493.136 496.303 499.3 503.452 505.89 478.658 475.75 476.085 477.99 479.37 473.509 470.162 463.103 456.836 456.886 456.929 457.156 453.809 454.329 456 457.885 460.287 462.08 462.953 463.643 440.368 434.738 438.607 445.602 450.856 455.562 458.986 457.224 457.242 453.204 439.63 431.485 424.339 423.026 421.47 422.651 423.504 423.782 425.43 428.949 437.726 455.542 479.939 508.613 539.09 570.016 602.036 628.844 651.708 676.815 701.849 728.554 758.158 765.622 769.401 771.329 774.543 776.722 780.471 
589.679 545.078 502.845 477.821 479.459 483.377 486.662 489.064 490.834 493.752 495.612 496.669 499.296 501.933 506.198 507.943 482.323 479.282 479.65 481.749 483.15 484.047 482.923 476.347 471.445 471.397 471.307 471.342 467.629 467.967 469.217 471.122 473.837 475.973 476.65 477.379 451.649 444.911 448.988 455.731 461.106 466.161 470.145 470.345 470.317 465.407 448.697 439.738 430.835 429.402 427.007 427.341 428.268 428.825 428.641 428.314 432.324 441.295 459.15 483.337 512.144 543.697 575.209 606.493 633.027 656.086 681.906 706.663 733.211 762.758 771.148 773.768 776.269 779.943 781.905 
595.578 549.748 506.394 480.642 483.446 485.364 488.497 492.676 494.687 497.543 500.133 501.911 502.893 504.913 509.028 510.971 486.413 483.101 483.484 485.438 486.707 493.345 495.331 489.328 485.853 485.764 485.695 485.888 481.837 482.263 483.335 484.869 487.75 490.212 491.289 491.63 463.071 455.047 458.957 465.921 471.075 476.401 480.651 483.023 483.292 477.485 457.671 448.074 437.696 436.315 433.019 433.776 433.698 434.413 434.356 431.812 432.238 435.836 445.342 462.37 487.058 516.888 549.045 579.961 610.962 637.503 661.112 686.836 711.707 737.815 768.416 775.959 778.944 781.437 784.855 
601.205 554.603 510.507 484.604 486.45 489.671 491.21 494.665 498.313 501.306 503.736 506.339 508.088 508.711 512.369 513.763 490.793 487.502 487.072 489.725 490.325 497.304 506.41 502.867 501.207 500.981 501.07 501.09 496.717 496.856 497.938 499.502 501.931 504.713 506.044 507.048 475.574 466.14 470.421 477.105 482.526 487.479 492.01 494.857 497.255 490.653 467.836 457.717 445.886 444.31 440.027 440.49 441.155 440.651 440.791 435.996 436.688 436.529 440.527 449.166 466.904 492.361 522.625 554.157 584.968 615.627 643.205 666.454 692.388 716.281 743.792 773.346 781.121 784.483 786.469 
606.075 558.579 513.503 487.883 489.772 491.839 494.74 496.483 499.592 504.481 507.081 509.141 511.539 512.941 515.311 516.618 495.304 492.13 491.189 492.311 494.287 501.67 510.98 517.126 516.951 516.589 516.53 516.684 511.956 512.364 513.411 514.779 517.224 519.365 520.817 521.88 487.811 476.898 481.049 488.43 493.498 498.92 503.197 506.09 509.17 503.962 478.042 467.117 453.572 451.507 446.316 447.104 447.381 447.194 446.569 439.82 439.955 440.15 440.818 443.622 452.822 471.361 497.533 527.597 557.548 588.517 620.005 647.723 671.114 695.961 721.112 747.659 778.072 785.829 789.366 
612.481 563.175 516.942 490.765 493.246 495.096 496.166 500.572 502.482 506.245 510.689 512.901 515.184 516.733 518.815 520.039 500.189 496.547 495.925 496.358 497.313 504.969 514.919 524.779 531.824 531.621 531.435 531.929 526.588 527.273 528.684 529.632 532.02 534.031 535.019 536.148 499.339 486.671 490.891 498.367 504.544 509.968 514.325 517.082 520.081 517.24 487.976 476.693 461.739 459.508 453.265 453.694 454.331 454.109 452.932 443.968 443.897 443.429 444.195 444.342 447.346 457.447 476.171 502.128 531.983 561.431 592.956 624.38 652.488 675.003 700.766 725.604 752.846 782.228 790.913 
618.483 567.796 520.225 493.727 495.766 498.612 499.734 501.781 505.978 509.041 512.542 516.544 518.761 520.314 523.145 523.23 504.701 500.673 500.291 501.15 500.991 507.98 517.802 528.177 539.28 546.153 545.829 546.12 540.865 541.548 543.146 544.63 546.554 548.528 549.41 549.983 510.865 496.821 500.503 507.765 513.746 520.01 524.545 527.452 530.462 529.748 497.379 485.664 469.145 466.643 459.424 460.005 460.306 460.421 459.015 447.875 447.356 447.03 447.527 447.605 448.109 452.096 462.612 480.935 506.238 536.139 565.95 597.668 629.191 656.63 680.176 705.018 730.543 757.781 787.415 
623.348 571.588 523.49 497.104 498.104 500.094 502.497 504.13 505.983 511.352 513.888 517.255 521.443 522.967 525.692 526.466 507.375 503.51 503.337 504.776 505.656 512.324 521.731 532.188 543.862 554.901 561.427 561.711 555.823 556.007 557.484 559.344 561.887 563.519 564.542 565.306 523.097 507.421 511.579 518.267 524.234 530.153 535.513 538.602 541.719 543.003 507.436 494.961 476.744 473.974 465.485 465.31 465.784 465.541 463.898 450.808 450.913 450.345 451.085 450.363 450.156 451.796 455.792 466.069 484.35 509.511 540.052 569.524 601.222 632.973 660.997 683.55 708.486 734.597 761.499 
629.099 576.028 527.796 500.71 502.846 504.036 505.086 508.372 509.704 512.638 517.651 519.8 523.518 527 529.808 530.598 511.288 507.385 507.568 508.893 509.601 515.819 525.152 535.363 547.272 559.01 570.207 576.896 570.619 570.794 571.809 573.604 576.417 578.76 579.318 580.198 535.077 517.739 522.069 529.11 534.365 540.125 545.238 549.093 552.125 554.241 516.842 503.85 484.123 481.334 472.114 472.418 472.036 471.868 469.217 454.052 455.133 453.469 454.143 453.223 453.49 454.852 456.802 460.193 470.409 488.227 514.541 544.633 574.281 605.709 638.3 665.672 688.566 713.181 738.982 
634.458 580.025 531.269 504.025 505.853 507.997 508.562 510.272 513.204 515.794 518.337 523.008 525.82 528.62 533.337 534.17 515.122 511.149 511.215 512.476 513.446 520.181 529.007 538.939 550.534 562.549 574.243 585.623 585.292 585.589 586.669 587.878 590.534 592.981 594.23 594.743 546.861 527.88 532.417 539.888 545.552 550.651 555.542 559.172 563.076 565.088 526.52 512.978 491.766 488.625 478.54 478.779 478.549 477.954 474.525 457.206 457.803 456.284 457.185 456.308 456.231 457.811 459.487 460.927 464.382 474.403 492.774 518.598 549.094 578.1 610.444 642.317 670.179 693.078 717.911 
639.107 583.605 534.555 507.704 508.724 510.95 512.706 513.595 514.683 518.913 521.294 523.457 528.389 530.337 535.109 537.419 518.845 515.019 514.77 516.329 516.639 524.598 533.584 542.948 554.286 565.761 577.784 589.543 600.315 600.726 601.818 603.139 605.204 607.59 608.877 609.779 558.947 538.583 542.457 549.88 555.799 561.384 565.752 569.18 573.044 575.811 536.093 521.834 498.957 495.369 484.36 484.977 484.893 483.715 479.748 460.368 460.67 459.309 460.06 459.25 459.71 460.214 462.711 463.817 464.294 468.149 478.578 497.158 522.879 552.613 582.904 614.107 646.615 674.808 697.3 
644.026 587.258 537.713 511.066 512.292 513.957 515.289 517.399 518.025 520.184 524.261 526.19 528.875 533.021 536.616 539.009 522.322 518.887 518.213 519.942 520.815 527.553 537.867 547.28 557.925 569.2 580.684 592.792 604.021 615.137 616.319 617.661 619.867 621.696 622.881 624.01 570.704 548.815 552.863 559.685 565.797 571.757 576.551 579.492 583.103 585.84 545.788 530.96 506.313 502.477 490.423 490.611 491.22 489.478 485.011 463.633 464.023 462.5 462.821 462.149 462.538 463.702 464.756 466.681 467.459 467.774 472.768 483.032 501.218 526.477 557.223 586.535 618.467 651.302 679.007 
647.741 590.579 540.745 515.313 515.759 516.785 518.868 519.603 521.013 522.892 525.03 528.664 530.284 533.068 539.095 540.178 526.53 523.352 521.868 523.208 525.003 533.522 542.679 553.556 564.451 574.893 586.02 597.563 609.116 620.691 632.543 633.973 636.137 638.058 638.609 639.664 584.076 560.657 564.966 572.03 577.361 583.343 588.626 592.078 595.15 597.708 557.385 541.661 515.031 510.685 497.502 497.218 497.394 495.843 490.858 467.884 468.136 467.001 467.318 466.155 465.747 466.387 468.13 469.202 469.924 470.691 471.977 477.012 487.411 504.438 530.46 560.195 590.586 623.228 656.028 
652.314 594.236 544.301 519.153 519.684 520.251 521.434 523.872 524.176 527.048 528.41 529.876 533.805 534.741 538.978 543.211 530.817 527.466 525.775 526.952 528.099 536.702 547.647 557.338 569.516 580.563 590.881 602.115 613.131 625.113 637.569 649.6 651.926 653.747 654.496 654.863 596.934 571.885 575.965 583.307 588.823 593.958 599.17 602.978 606.575 608.547 567.512 551.187 522.795 518.039 503.827 503.919 503.855 501.917 496.383 471 471.707 470.273 470.933 469.081 469.147 470.02 471.103 472.27 472.216 473.389 474.477 475.919 481.292 490.889 508.888 533.703 564.17 595.128 627.56 
656.087 597.308 547.388 523.46 523.291 523.923 524.844 525.601 527.558 529.249 531.928 532.607 534.067 537.46 540.302 542.519 534.924 531.848 529.528 530.622 531.859 540.696 551.642 563.147 574.091 586.091 596.939 607.335 618.067 629.524 642.363 654.976 667.874 669.918 670.477 670.966 609.953 583.4 587.448 594.592 600.462 606.018 610.454 614.184 618.234 620.778 578.496 561.251 530.888 525.503 510.173 510.295 510.399 507.835 501.793 474.628 474.898 474.146 474.616 472.551 472.58 472.758 474.486 475.45 474.412 475.114 476.915 478.454 479.708 484.24 494.71 511.516 537.527 568.46 599.309 
659.474 599.745 551.074 528.317 527.208 527.154 528.136 528.611 528.578 531.614 533.542 535.354 536.535 537.434 542.777 543.771 538.486 535.968 532.871 534.131 535.311 544.75 556.119 567.65 580.447 591.228 603.123 614.066 623.773 634.796 646.885 659.838 673.247 685.866 686.759 687.131 623.257 595.106 599.342 606.269 612.128 617.937 622.735 626.027 629.845 632.771 589.964 571.886 539.484 533.654 517.143 516.371 516.626 513.44 506.673 478.404 478.845 478.153 478.313 476.405 475.832 475.54 476.507 477.978 477.241 477.173 478.684 480.502 481.926 482.526 487.57 496.919 514.728 541.442 572.061 
663.467 603.142 554.427 532.727 531.214 531.628 531.414 531.826 531.969 533.159 535.905 537.459 539.464 539.897 542.888 545.821 541.545 539.943 535.876 537.36 538.368 547.639 559.297 571.198 584.068 596.487 607.261 619.28 629.601 639.533 651.34 663.758 677.682 690.87 702.37 703.006 635.982 606.344 610.138 617.272 622.911 628.87 633.911 637.323 641.045 643.677 600.736 581.74 547.398 540.912 523.117 522.297 522.532 518.809 511.754 482.084 482.166 482.09 482.656 479.791 479.212 478.921 479.609 480.65 479.937 480.221 481.001 482.84 483.881 485.248 486.721 490.311 500.258 518.938 544.935 
668.006 606.553 557.99 537.37 534.66 535.114 535.321 535.272 535.394 536.479 537.387 540.284 541.824 543.148 544.491 546.088 545.116 543.987 538.95 540.087 542.575 551.03 562.799 575.03 587.912 600.79 612.774 623.586 634.559 645.192 655.794 667.432 680.593 694.157 706.366 717.761 648.136 617.075 621.415 628.324 634.428 640.598 645.821 649.375 652.936 655.808 612.237 591.956 555.617 548.788 529.603 527.555 527.557 523.613 516.108 485.754 485.738 486.368 486.19 484.205 482.621 482.086 482.578 482.899 483.511 483.699 483.864 484.424 486.095 487.333 488.954 490.163 493.604 503.835 522.889 
672.615 610.682 561.531 541.7 539.254 538.526 539.992 539.581 539.219 540.95 541.529 542.125 544.887 546.112 548.27 548.128 549.104 548.007 542.495 542.86 545.012 555.109 566.012 578.454 592.016 605.005 617.557 629.715 639.631 650.945 662.343 672.999 685.468 698.182 710.677 722.832 661.07 628.471 632.831 640.395 645.774 651.731 657.193 661.011 664.682 667.359 623.448 602.106 563.879 556.506 536.114 533.571 533.284 529.013 521.089 489.364 489.743 490.017 490.893 488.474 485.996 485.989 486.342 486.754 486.096 487.419 487.289 487.392 488.437 489.987 491.491 491.852 493.467 497.77 508.459 
508.459